0	0.382048
1	0.369433
2	0.369220
3	0.369219
4	0.369219
5	0.369219
6	0.369219
7	0.369219
8	0.369219
9	0.369219
10	0.369219
11	0.369219
12	0.369219
13	0.369219
14	0.369219
15	0.369219
16	0.369219
17	0.369219
18	0.369219
19	0.369219
20	0.369219
21	0.369219
22	0.369219
23	0.369219
24	0.369219
25	0.369219
26	0.369219
27	0.369219
28	0.369219
29	0.369219
30	0.369219
31	0.369219
32	0.369219
33	0.369219
34	0.369219
35	0.369219
36	0.369219
37	0.369219
38	0.369219
39	0.369219
40	0.369219
41	0.369219
42	0.369219
43	0.369219
44	0.369219
45	0.369219
46	0.369219
47	0.369219
48	0.369219
49	0.369219
50	0.369219
51	0.369219
52	0.369219
53	0.369219
54	0.369219
55	0.369219
56	0.369219
57	0.369219
58	0.369219
59	0.369219
60	0.369219
61	0.369219
62	0.369219
63	0.369219
64	0.369219
65	0.369219
66	0.369219
67	0.369219
68	0.369219
69	0.369219
70	0.369219
71	0.369219
72	0.369219
73	0.369219
74	0.369219
75	0.369219
76	0.369219
77	0.369219
78	0.369219
79	0.369219
80	0.369219
81	0.369219
82	0.369219
83	0.369219
84	0.369219
85	0.369219
86	0.369219
87	0.369219
88	0.369219
89	0.369219
90	0.369219
91	0.369219
92	0.369219
93	0.369219
94	0.369219
95	0.369219
96	0.369219
97	0.369219
98	0.369219
99	0.369219
100	0.369219
101	0.369219
102	0.369219
103	0.369219
104	0.369219
105	0.369219
106	0.369219
107	0.369219
108	0.369219
109	0.369219
110	0.369219
111	0.369219
112	0.369219
113	0.369219
114	0.369219
115	0.369219
116	0.369219
117	0.369219
118	0.369219
119	0.369219
120	0.369219
121	0.369219
122	0.369219
123	0.369219
124	0.369219
125	0.369219
126	0.369219
127	0.369219
128	0.369219
129	0.369219
130	0.369219
131	0.369219
132	0.369219
133	0.369219
134	0.369219
135	0.369219
136	0.369219
137	0.369219
138	0.369219
139	0.369219
140	0.369219
141	0.369219
142	0.369219
143	0.369219
144	0.369219
145	0.369219
146	0.369219
147	0.369219
148	0.369219
149	0.369219
150	0.369219
151	0.369219
152	0.369219
153	0.369219
154	0.369219
155	0.369219
156	0.369219
157	0.369219
158	0.369219
159	0.369219
160	0.369219
161	0.369219
162	0.369219
163	0.369219
164	0.369219
165	0.369219
166	0.369219
167	0.369219
168	0.369219
169	0.369219
170	0.369219
171	0.369219
172	0.369219
173	0.369219
174	0.369219
175	0.369219
176	0.369219
177	0.369219
178	0.369219
179	0.369219
180	0.369219
181	0.369219
182	0.369219
183	0.369219
184	0.369219
185	0.369219
186	0.369219
187	0.369219
188	0.369219
189	0.369219
190	0.369219
191	0.369219
192	0.369219
193	0.369219
194	0.369219
195	0.369219
196	0.369219
197	0.369219
198	0.369219
199	0.369219
200	0.369219
201	0.369219
202	0.369219
203	0.369219
204	0.369219
205	0.369219
206	0.369219
207	0.369219
208	0.369219
209	0.369219
210	0.369219
211	0.369219
212	0.369219
213	0.369219
214	0.369219
215	0.369219
216	0.369219
217	0.369219
218	0.369219
219	0.369219
220	0.369219
221	0.369219
222	0.369219
223	0.369219
224	0.369219
225	0.369219
226	0.369219
227	0.369219
228	0.369219
229	0.369219
230	0.369219
231	0.369219
232	0.369219
233	0.369219
234	0.369219
235	0.369219
236	0.369219
237	0.369219
238	0.369219
239	0.369219
240	0.369219
241	0.369219
242	0.369219
243	0.369219
244	0.369219
245	0.369219
246	0.369219
247	0.369219
248	0.369219
249	0.369219
250	0.369219
251	0.369219
252	0.369219
253	0.369219
254	0.369219
255	0.369219
256	0.369219
257	0.369219
258	0.369219
259	0.369219
260	0.369219
261	0.369219
262	0.369219
263	0.369219
264	0.369219
265	0.369219
266	0.369219
267	0.369219
268	0.369219
269	0.369219
270	0.369219
271	0.369219
272	0.369219
273	0.369219
274	0.369219
275	0.369219
276	0.369219
277	0.369219
278	0.369219
279	0.369219
280	0.369219
281	0.369219
282	0.369219
283	0.369219
284	0.369219
285	0.369219
286	0.369219
287	0.369219
288	0.369219
289	0.369219
290	0.369219
291	0.369219
292	0.369219
293	0.369219
294	0.369219
295	0.369219
296	0.369219
297	0.369219
298	0.369219
299	0.369219
300	0.369219
301	0.369219
302	0.369219
303	0.369219
304	0.369219
305	0.369219
306	0.369219
307	0.369219
308	0.369219
309	0.369219
310	0.369219
311	0.369219
312	0.369219
313	0.369219
314	0.369219
315	0.369219
316	0.369219
317	0.369219
318	0.369219
319	0.369219
320	0.369219
321	0.369219
322	0.369219
323	0.369219
324	0.369219
325	0.369219
326	0.369219
327	0.369219
328	0.369219
329	0.369219
330	0.369219
331	0.369219
332	0.369219
333	0.369219
334	0.369219
335	0.369219
336	0.369219
337	0.369219
338	0.369219
339	0.369219
340	0.369219
341	0.369219
342	0.369219
343	0.369219
344	0.369219
345	0.369219
346	0.369219
347	0.369219
348	0.369219
349	0.369219
350	0.369219
351	0.369219
352	0.369219
353	0.369219
354	0.369219
355	0.369219
356	0.369219
357	0.369219
358	0.369219
359	0.369219
360	0.369219
361	0.369219
362	0.369219
363	0.369219
364	0.369219
365	0.369219
366	0.369219
367	0.369219
368	0.369219
369	0.369219
370	0.369219
371	0.369219
372	0.369219
373	0.369219
374	0.369219
375	0.369219
376	0.369219
377	0.369219
378	0.369219
379	0.369219
380	0.369219
381	0.369219
382	0.369219
383	0.369219
384	0.369219
385	0.369219
386	0.369219
387	0.369219
388	0.369219
389	0.369219
390	0.369219
391	0.369219
392	0.369219
393	0.369219
394	0.369219
395	0.369219
396	0.369219
397	0.369219
398	0.369219
399	0.369219
400	0.369219
401	0.369219
402	0.369219
403	0.369219
404	0.369219
405	0.369219
406	0.369219
407	0.369219
408	0.369219
409	0.369219
410	0.369219
411	0.369219
412	0.369219
413	0.369219
414	0.369219
415	0.369219
416	0.369219
417	0.369219
418	0.369219
419	0.369219
420	0.369219
421	0.369219
422	0.369219
423	0.369219
424	0.369219
425	0.369219
426	0.369219
427	0.369219
428	0.369219
429	0.369219
430	0.369219
431	0.369219
432	0.369219
433	0.369219
434	0.369219
435	0.369219
436	0.369219
437	0.369219
438	0.369219
439	0.369219
440	0.369219
441	0.369219
442	0.369219
443	0.369219
444	0.369219
445	0.369219
446	0.369219
447	0.369219
448	0.369219
449	0.369219
450	0.369219
451	0.369219
452	0.369219
453	0.369219
454	0.369219
455	0.369219
456	0.369219
457	0.369219
458	0.369219
459	0.369219
460	0.369219
461	0.369219
462	0.369219
463	0.369219
464	0.369219
465	0.369219
466	0.369219
467	0.369219
468	0.369219
469	0.369219
470	0.369219
471	0.369219
472	0.369219
473	0.369219
474	0.369219
475	0.369219
476	0.369219
477	0.369219
478	0.369219
479	0.369219
480	0.369219
481	0.369219
482	0.369219
483	0.369219
484	0.369219
485	0.369219
486	0.369219
487	0.369219
488	0.369219
489	0.369219
490	0.369219
491	0.369219
492	0.369219
493	0.369219
494	0.369219
495	0.369219
496	0.369219
497	0.369219
498	0.369219
499	0.369219
500	0.369219
501	0.369219
502	0.369219
503	0.369219
504	0.369219
505	0.369219
506	0.369219
507	0.369219
508	0.369219
509	0.369219
510	0.369219
511	0.369219
512	0.369219
513	0.369219
514	0.369219
515	0.369219
516	0.369219
517	0.369219
518	0.369219
519	0.369219
520	0.369219
521	0.369219
522	0.369219
523	0.369219
524	0.369219
525	0.369219
526	0.369219
527	0.369219
528	0.369219
529	0.369219
530	0.369219
531	0.369219
532	0.369219
533	0.369219
534	0.369219
535	0.369219
536	0.369219
537	0.369219
538	0.369219
539	0.369219
540	0.369219
541	0.369219
542	0.369219
543	0.369219
544	0.369219
545	0.369219
546	0.369219
547	0.369219
548	0.369219
549	0.369219
550	0.369219
551	0.369219
552	0.369219
553	0.369219
554	0.369219
555	0.369219
556	0.369219
557	0.369219
558	0.369219
559	0.369219
560	0.369219
561	0.369219
562	0.369219
563	0.369219
564	0.369219
565	0.369219
566	0.369219
567	0.369219
568	0.369219
569	0.369219
570	0.369219
571	0.369219
572	0.369219
573	0.369219
574	0.369219
575	0.369219
576	0.369219
577	0.369219
578	0.369219
579	0.369219
580	0.369219
581	0.369219
582	0.369219
583	0.369219
584	0.369219
585	0.369219
586	0.369219
587	0.369219
588	0.369219
589	0.369219
590	0.369219
591	0.369219
592	0.369219
593	0.369219
594	0.369219
595	0.369219
596	0.369219
597	0.369219
598	0.369219
599	0.369219
600	0.369219
601	0.369219
602	0.369219
603	0.369219
604	0.369219
605	0.369219
606	0.369219
607	0.369219
608	0.369219
609	0.369219
610	0.369219
611	0.369219
612	0.369219
613	0.369219
614	0.369219
615	0.369219
616	0.369219
617	0.369219
618	0.369219
619	0.369219
620	0.369219
621	0.369219
622	0.369219
623	0.369219
624	0.369219
625	0.369219
626	0.369219
627	0.369219
628	0.369219
629	0.369219
630	0.369219
631	0.369219
632	0.369219
633	0.369219
634	0.369219
635	0.369219
636	0.369219
637	0.369219
638	0.369219
639	0.369219
640	0.369219
641	0.369219
642	0.369219
643	0.369219
644	0.369219
645	0.369219
646	0.369219
647	0.369219
648	0.369219
649	0.369219
650	0.369219
651	0.369219
652	0.369219
653	0.369219
654	0.369219
655	0.369219
656	0.369219
657	0.369219
658	0.369219
659	0.369219
660	0.369219
661	0.369219
662	0.369219
663	0.369219
664	0.369219
665	0.369219
666	0.369219
667	0.369219
668	0.369219
669	0.369219
670	0.369219
671	0.369219
672	0.369219
673	0.369219
674	0.369219
675	0.369219
676	0.369219
677	0.369219
678	0.369219
679	0.369219
680	0.369219
681	0.369219
682	0.369219
683	0.369219
684	0.369219
685	0.369219
686	0.369219
687	0.369219
688	0.369219
689	0.369219
690	0.369219
691	0.369219
692	0.369219
693	0.369219
694	0.369219
695	0.369219
696	0.369219
697	0.369219
698	0.369219
699	0.369219
700	0.369219
701	0.369219
702	0.369219
703	0.369219
704	0.369219
705	0.369219
706	0.369219
707	0.369219
708	0.369219
709	0.369219
710	0.369219
711	0.369219
712	0.369219
713	0.369219
714	0.369219
715	0.369219
716	0.369219
717	0.369219
718	0.369219
719	0.369219
720	0.369219
721	0.369219
722	0.369219
723	0.369219
724	0.369219
725	0.369219
726	0.369219
727	0.369219
728	0.369219
729	0.369219
730	0.369219
731	0.369219
732	0.369219
733	0.369219
734	0.369219
735	0.369219
736	0.369219
737	0.369219
738	0.369219
739	0.369219
740	0.369219
741	0.369219
742	0.369219
743	0.369219
744	0.369219
745	0.369219
746	0.369219
747	0.369219
748	0.369219
749	0.369219
750	0.369219
751	0.369219
752	0.369219
753	0.369219
754	0.369219
755	0.369219
756	0.369219
757	0.369219
758	0.369219
759	0.369219
760	0.369219
761	0.369219
762	0.369219
763	0.369219
764	0.369219
765	0.369219
766	0.369219
767	0.369219
768	0.369219
769	0.369219
770	0.369219
771	0.369219
772	0.369219
773	0.369219
774	0.369219
775	0.369219
776	0.369219
777	0.369219
778	0.369219
779	0.369219
780	0.369219
781	0.369219
782	0.369219
783	0.369219
784	0.369219
785	0.369219
786	0.369219
787	0.369219
788	0.369219
789	0.369219
790	0.369219
791	0.369219
792	0.369219
793	0.369219
794	0.369219
795	0.369219
796	0.369219
797	0.369219
798	0.369219
799	0.369219
800	0.369219
801	0.369219
802	0.369219
803	0.369219
804	0.369219
805	0.369219
806	0.369219
807	0.369219
808	0.369219
809	0.369219
810	0.369219
811	0.369219
812	0.369219
813	0.369219
814	0.369219
815	0.369219
816	0.369219
817	0.369219
818	0.369219
819	0.369219
820	0.369219
821	0.369219
822	0.369219
823	0.369219
824	0.369219
825	0.369219
826	0.369219
827	0.369219
828	0.369219
829	0.369219
830	0.369219
831	0.369219
832	0.369219
833	0.369219
834	0.369219
835	0.369219
836	0.369219
837	0.369219
838	0.369219
839	0.369219
840	0.369219
841	0.369219
842	0.369219
843	0.369219
844	0.369219
845	0.369219
846	0.369219
847	0.369219
848	0.369219
849	0.369219
850	0.369219
851	0.369219
852	0.369219
853	0.369219
854	0.369219
855	0.369219
856	0.369219
857	0.369219
858	0.369219
859	0.369219
860	0.369219
861	0.369219
862	0.369219
863	0.369219
864	0.369219
865	0.369219
866	0.369219
867	0.369219
868	0.369219
869	0.369219
870	0.369219
871	0.369219
872	0.369219
873	0.369219
874	0.369219
875	0.369219
876	0.369219
877	0.369219
878	0.369219
879	0.369219
880	0.369219
881	0.369219
882	0.369219
883	0.369219
884	0.369219
885	0.369219
886	0.369219
887	0.369219
888	0.369219
889	0.369219
890	0.369219
891	0.369219
892	0.369219
893	0.369219
894	0.369219
895	0.369219
896	0.369219
897	0.369219
898	0.369219
899	0.369219
900	0.369219
901	0.369219
902	0.369219
903	0.369219
904	0.369219
905	0.369219
906	0.369219
907	0.369219
908	0.369219
909	0.369219
910	0.369219
911	0.369219
912	0.369219
913	0.369219
914	0.369219
915	0.369219
916	0.369219
917	0.369219
918	0.369219
919	0.369219
920	0.369219
921	0.369219
922	0.369219
923	0.369219
924	0.369219
925	0.369219
926	0.369219
927	0.369219
928	0.369219
929	0.369219
930	0.369219
931	0.369219
932	0.369219
933	0.369219
934	0.369219
935	0.369219
936	0.369219
937	0.369219
938	0.369219
939	0.369219
940	0.369219
941	0.369219
942	0.369219
943	0.369219
944	0.369219
945	0.369219
946	0.369219
947	0.369219
948	0.369219
949	0.369219
950	0.369219
951	0.369219
952	0.369219
953	0.369219
954	0.369219
955	0.369219
956	0.369219
957	0.369219
958	0.369219
959	0.369219
960	0.369219
961	0.369219
962	0.369219
963	0.369219
964	0.369219
965	0.369219
966	0.369219
967	0.369219
968	0.369219
969	0.369219
970	0.369219
971	0.369219
972	0.369219
973	0.369219
974	0.369219
975	0.369219
976	0.369219
977	0.369219
978	0.369219
979	0.369219
980	0.369219
981	0.369219
982	0.369219
983	0.369219
984	0.369219
985	0.369219
986	0.369219
987	0.369219
988	0.369219
989	0.369219
990	0.369219
991	0.369219
992	0.369219
993	0.369219
994	0.369219
995	0.369219
996	0.369219
997	0.369219
998	0.369219
999	0.369219
1000	0.369219
1001	0.369219
1002	0.369219
1003	0.369219
1004	0.369219
1005	0.369219
1006	0.369219
1007	0.369219
1008	0.369219
1009	0.369219
1010	0.369219
1011	0.369219
1012	0.369219
1013	0.369219
1014	0.369219
1015	0.369219
1016	0.369219
1017	0.369219
1018	0.369219
1019	0.369219
1020	0.369219
1021	0.369219
1022	0.369219
1023	0.369219
1024	0.369219
1025	0.369219
1026	0.369219
1027	0.369219
1028	0.369219
1029	0.369219
1030	0.369219
1031	0.369219
1032	0.369219
1033	0.369219
1034	0.369219
1035	0.369219
1036	0.369219
1037	0.369219
1038	0.369219
1039	0.369219
1040	0.369219
1041	0.369219
1042	0.369219
1043	0.369219
1044	0.369219
1045	0.369219
1046	0.369219
1047	0.369219
1048	0.369219
1049	0.369219
1050	0.369219
1051	0.369219
1052	0.369219
1053	0.369219
1054	0.369219
1055	0.369219
1056	0.369219
1057	0.369219
1058	0.369219
1059	0.369219
1060	0.369219
1061	0.369219
1062	0.369219
1063	0.369219
1064	0.369219
1065	0.369219
1066	0.369219
1067	0.369219
1068	0.369219
1069	0.369219
1070	0.369219
1071	0.369219
1072	0.369219
1073	0.369219
1074	0.369219
1075	0.369219
1076	0.369219
1077	0.369219
1078	0.369219
1079	0.369219
1080	0.369219
1081	0.369219
1082	0.369219
1083	0.369219
1084	0.369219
1085	0.369219
1086	0.369219
1087	0.369219
1088	0.369219
1089	0.369219
1090	0.369219
1091	0.369219
1092	0.369219
1093	0.369219
1094	0.369219
1095	0.369219
1096	0.369219
1097	0.369219
1098	0.369219
1099	0.369219
1100	0.369219
1101	0.369219
1102	0.369219
1103	0.369219
1104	0.369219
1105	0.369219
1106	0.369219
1107	0.369219
1108	0.369219
1109	0.369219
1110	0.369219
1111	0.369219
1112	0.369219
1113	0.369219
1114	0.369219
1115	0.369219
1116	0.369219
1117	0.369219
1118	0.369219
1119	0.369219
1120	0.369219
1121	0.369219
1122	0.369219
1123	0.369219
1124	0.369219
1125	0.369219
1126	0.369219
1127	0.369219
1128	0.369219
1129	0.369219
1130	0.369219
1131	0.369219
1132	0.369219
1133	0.369219
1134	0.369219
1135	0.369219
1136	0.369219
1137	0.369219
1138	0.369219
1139	0.369219
1140	0.369219
1141	0.369219
1142	0.369219
1143	0.369219
1144	0.369219
1145	0.369219
1146	0.369219
1147	0.369219
1148	0.369219
1149	0.369219
1150	0.369219
1151	0.369219
1152	0.369219
1153	0.369219
1154	0.369219
1155	0.369219
1156	0.369219
1157	0.369219
1158	0.369219
1159	0.369219
1160	0.369219
1161	0.369219
1162	0.369219
1163	0.369219
1164	0.369219
1165	0.369219
1166	0.369219
1167	0.369219
1168	0.369219
1169	0.369219
1170	0.369219
1171	0.369219
1172	0.369219
1173	0.369219
1174	0.369219
1175	0.369219
1176	0.369219
1177	0.369219
1178	0.369219
1179	0.369219
1180	0.369219
1181	0.369219
1182	0.369219
1183	0.369219
1184	0.369219
1185	0.369219
1186	0.369219
1187	0.369219
1188	0.369219
1189	0.369219
1190	0.369219
1191	0.369219
1192	0.369219
1193	0.369219
1194	0.369219
1195	0.369219
1196	0.369219
1197	0.369219
1198	0.369219
1199	0.369219
1200	0.369219
1201	0.369219
1202	0.369219
1203	0.369219
1204	0.369219
1205	0.369219
1206	0.369219
1207	0.369219
1208	0.369219
1209	0.369219
1210	0.369219
1211	0.369219
1212	0.369219
1213	0.369219
1214	0.369219
1215	0.369219
1216	0.369219
1217	0.369219
1218	0.369219
1219	0.369219
1220	0.369219
1221	0.369219
1222	0.369219
1223	0.369219
1224	0.369219
1225	0.369219
1226	0.369219
1227	0.369219
1228	0.369219
1229	0.369219
1230	0.369219
1231	0.369219
1232	0.369219
1233	0.369219
1234	0.369219
1235	0.369219
1236	0.369219
1237	0.369219
1238	0.369219
1239	0.369219
1240	0.369219
1241	0.369219
1242	0.369219
1243	0.369219
1244	0.369219
1245	0.369219
1246	0.369219
1247	0.369219
1248	0.369219
1249	0.369219
1250	0.369219
1251	0.369219
1252	0.369219
1253	0.369219
1254	0.369219
1255	0.369219
1256	0.369219
1257	0.369219
1258	0.369219
1259	0.369219
1260	0.369219
1261	0.369219
1262	0.369219
1263	0.369219
1264	0.369219
1265	0.369219
1266	0.369219
1267	0.369219
1268	0.369219
1269	0.369219
1270	0.369219
1271	0.369219
1272	0.369219
1273	0.369219
1274	0.369219
1275	0.369219
1276	0.369219
1277	0.369219
1278	0.369219
1279	0.369219
1280	0.369219
1281	0.369219
1282	0.369219
1283	0.369219
1284	0.369219
1285	0.369219
1286	0.369219
1287	0.369219
1288	0.369219
1289	0.369219
1290	0.369219
1291	0.369219
1292	0.369219
1293	0.369219
1294	0.369219
1295	0.369219
1296	0.369219
1297	0.369219
1298	0.369219
1299	0.369219
1300	0.369219
1301	0.369219
1302	0.369219
1303	0.369219
1304	0.369219
1305	0.369219
1306	0.369219
1307	0.369219
1308	0.369219
1309	0.369219
1310	0.369219
1311	0.369219
1312	0.369219
1313	0.369219
1314	0.369219
1315	0.369219
1316	0.369219
1317	0.369219
1318	0.369219
1319	0.369219
1320	0.369219
1321	0.369219
1322	0.369219
1323	0.369219
1324	0.369219
1325	0.369219
1326	0.369219
1327	0.369219
1328	0.369219
1329	0.369219
1330	0.369219
1331	0.369219
1332	0.369219
1333	0.369219
1334	0.369219
1335	0.369219
1336	0.369219
1337	0.369219
1338	0.369219
1339	0.369219
1340	0.369219
1341	0.369219
1342	0.369219
1343	0.369219
1344	0.369219
1345	0.369219
1346	0.369219
1347	0.369219
1348	0.369219
1349	0.369219
1350	0.369219
1351	0.369219
1352	0.369219
1353	0.369219
1354	0.369219
1355	0.369219
1356	0.369219
1357	0.369219
1358	0.369219
1359	0.369219
1360	0.369219
1361	0.369219
1362	0.369219
1363	0.369219
1364	0.369219
1365	0.369219
1366	0.369219
1367	0.369219
1368	0.369219
1369	0.369219
1370	0.369219
1371	0.369219
1372	0.369219
1373	0.369219
1374	0.369219
1375	0.369219
1376	0.369219
1377	0.369219
1378	0.369219
1379	0.369219
1380	0.369219
1381	0.369219
1382	0.369219
1383	0.369219
1384	0.369219
1385	0.369219
1386	0.369219
1387	0.369219
1388	0.369219
1389	0.369219
1390	0.369219
1391	0.369219
1392	0.369219
1393	0.369219
1394	0.369219
1395	0.369219
1396	0.369219
1397	0.369219
1398	0.369219
1399	0.369219
1400	0.369219
1401	0.369219
1402	0.369219
1403	0.369219
1404	0.369219
1405	0.369219
1406	0.369219
1407	0.369219
1408	0.369219
1409	0.369219
1410	0.369219
1411	0.369219
1412	0.369219
1413	0.369219
1414	0.369219
1415	0.369219
1416	0.369219
1417	0.369219
1418	0.369219
1419	0.369219
1420	0.369219
1421	0.369219
1422	0.369219
1423	0.369219
1424	0.369219
1425	0.369219
1426	0.369219
1427	0.369219
1428	0.369219
1429	0.369219
1430	0.369219
1431	0.369219
1432	0.369219
1433	0.369219
1434	0.369219
1435	0.369219
1436	0.369219
1437	0.369219
1438	0.369219
1439	0.369219
1440	0.369219
1441	0.369219
1442	0.369219
1443	0.369219
1444	0.369219
1445	0.369219
1446	0.369219
1447	0.369219
1448	0.369219
1449	0.369219
1450	0.369219
1451	0.369219
1452	0.369219
1453	0.369219
1454	0.369219
1455	0.369219
1456	0.369219
1457	0.369219
1458	0.369219
1459	0.369219
1460	0.369219
1461	0.369219
1462	0.369219
1463	0.369219
1464	0.369219
1465	0.369219
1466	0.369219
1467	0.369219
1468	0.369219
1469	0.369219
1470	0.369219
1471	0.369219
1472	0.369219
1473	0.369219
1474	0.369219
1475	0.369219
1476	0.369219
1477	0.369219
1478	0.369219
1479	0.369219
1480	0.369219
1481	0.369219
1482	0.369219
1483	0.369219
1484	0.369219
1485	0.369219
1486	0.369219
1487	0.369219
1488	0.369219
1489	0.369219
1490	0.369219
1491	0.369219
1492	0.369219
1493	0.369219
1494	0.369219
1495	0.369219
1496	0.369219
1497	0.369219
1498	0.369219
1499	0.369219
1500	0.369219
1501	0.369219
1502	0.369219
1503	0.369219
1504	0.369219
1505	0.369219
1506	0.369219
1507	0.369219
1508	0.369219
1509	0.369219
1510	0.369219
1511	0.369219
1512	0.369219
1513	0.369219
1514	0.369219
1515	0.369219
1516	0.369219
1517	0.369219
1518	0.369219
1519	0.369219
1520	0.369219
1521	0.369219
1522	0.369219
1523	0.369219
1524	0.369219
1525	0.369219
1526	0.369219
1527	0.369219
1528	0.369219
1529	0.369219
1530	0.369219
1531	0.369219
1532	0.369219
1533	0.369219
1534	0.369219
1535	0.369219
1536	0.369219
1537	0.369219
1538	0.369219
1539	0.369219
1540	0.369219
1541	0.369219
1542	0.369219
1543	0.369219
1544	0.369219
1545	0.369219
1546	0.369219
1547	0.369219
1548	0.369219
1549	0.369219
1550	0.369219
1551	0.369219
1552	0.369219
1553	0.369219
1554	0.369219
1555	0.369219
1556	0.369219
1557	0.369219
1558	0.369219
1559	0.369219
1560	0.369219
1561	0.369219
1562	0.369219
1563	0.369219
1564	0.369219
1565	0.369219
1566	0.369219
1567	0.369219
1568	0.369219
1569	0.369219
1570	0.369219
1571	0.369219
1572	0.369219
1573	0.369219
1574	0.369219
1575	0.369219
1576	0.369219
1577	0.369219
1578	0.369219
1579	0.369219
1580	0.369219
1581	0.369219
1582	0.369219
1583	0.369219
1584	0.369219
1585	0.369219
1586	0.369219
1587	0.369219
1588	0.369219
1589	0.369219
1590	0.369219
1591	0.369219
1592	0.369219
1593	0.369219
1594	0.369219
1595	0.369219
1596	0.369219
1597	0.369219
1598	0.369219
1599	0.369219
1600	0.369219
1601	0.369219
1602	0.369219
1603	0.369219
1604	0.369219
1605	0.369219
1606	0.369219
1607	0.369219
1608	0.369219
1609	0.369219
1610	0.369219
1611	0.369219
1612	0.369219
1613	0.369219
1614	0.369219
1615	0.369219
1616	0.369219
1617	0.369219
1618	0.369219
1619	0.369219
1620	0.369219
1621	0.369219
1622	0.369219
1623	0.369219
1624	0.369219
1625	0.369219
1626	0.369219
1627	0.369219
1628	0.369219
1629	0.369219
1630	0.369219
1631	0.369219
1632	0.369219
1633	0.369219
1634	0.369219
1635	0.369219
1636	0.369219
1637	0.369219
1638	0.369219
1639	0.369219
1640	0.369219
1641	0.369219
1642	0.369219
1643	0.369219
1644	0.369219
1645	0.369219
1646	0.369219
1647	0.369219
1648	0.369219
1649	0.369219
1650	0.369219
1651	0.369219
1652	0.369219
1653	0.369219
1654	0.369219
1655	0.369219
1656	0.369219
1657	0.369219
1658	0.369219
1659	0.369219
1660	0.369219
1661	0.369219
1662	0.369219
1663	0.369219
1664	0.369219
1665	0.369219
1666	0.369219
1667	0.369219
1668	0.369219
1669	0.369219
1670	0.369219
1671	0.369219
1672	0.369219
1673	0.369219
1674	0.369219
1675	0.369219
1676	0.369219
1677	0.369219
1678	0.369219
1679	0.369219
1680	0.369219
1681	0.369219
1682	0.369219
1683	0.369219
1684	0.369219
1685	0.369219
1686	0.369219
1687	0.369219
1688	0.369219
1689	0.369219
1690	0.369219
1691	0.369219
1692	0.369219
1693	0.369219
1694	0.369219
1695	0.369219
1696	0.369219
1697	0.369219
1698	0.369219
1699	0.369219
1700	0.369219
1701	0.369219
1702	0.369219
1703	0.369219
1704	0.369219
1705	0.369219
1706	0.369219
1707	0.369219
1708	0.369219
1709	0.369219
1710	0.369219
1711	0.369219
1712	0.369219
1713	0.369219
1714	0.369219
1715	0.369219
1716	0.369219
1717	0.369219
1718	0.369219
1719	0.369219
1720	0.369219
1721	0.369219
1722	0.369219
1723	0.369219
1724	0.369219
1725	0.369219
1726	0.369219
1727	0.369219
1728	0.369219
1729	0.369219
1730	0.369219
1731	0.369219
1732	0.369219
1733	0.369219
1734	0.369219
1735	0.369219
1736	0.369219
1737	0.369219
1738	0.369219
1739	0.369219
1740	0.369219
1741	0.369219
1742	0.369219
1743	0.369219
1744	0.369219
1745	0.369219
1746	0.369219
1747	0.369219
1748	0.369219
1749	0.369219
1750	0.369219
1751	0.369219
1752	0.369219
1753	0.369219
1754	0.369219
1755	0.369219
1756	0.369219
1757	0.369219
1758	0.369219
1759	0.369219
1760	0.369219
1761	0.369219
1762	0.369219
1763	0.369219
1764	0.369219
1765	0.369219
1766	0.369219
1767	0.369219
1768	0.369219
1769	0.369219
1770	0.369219
1771	0.369219
1772	0.369219
1773	0.369219
1774	0.369219
1775	0.369219
1776	0.369219
1777	0.369219
1778	0.369219
1779	0.369219
1780	0.369219
1781	0.369219
1782	0.369219
1783	0.369219
1784	0.369219
1785	0.369219
1786	0.369219
1787	0.369219
1788	0.369219
1789	0.369219
1790	0.369219
1791	0.369219
1792	0.369219
1793	0.369219
1794	0.369219
1795	0.369219
1796	0.369219
1797	0.369219
1798	0.369219
1799	0.369219
1800	0.369219
1801	0.369219
1802	0.369219
1803	0.369219
1804	0.369219
1805	0.369219
1806	0.369219
1807	0.369219
1808	0.369219
1809	0.369219
1810	0.369219
1811	0.369219
1812	0.369219
1813	0.369219
1814	0.369219
1815	0.369219
1816	0.369219
1817	0.369219
1818	0.369219
1819	0.369219
1820	0.369219
1821	0.369219
1822	0.369219
1823	0.369219
1824	0.369219
1825	0.369219
1826	0.369219
1827	0.369219
1828	0.369219
1829	0.369219
1830	0.369219
1831	0.369219
1832	0.369219
1833	0.369219
1834	0.369219
1835	0.369219
1836	0.369219
1837	0.369219
1838	0.369219
1839	0.369219
1840	0.369219
1841	0.369219
1842	0.369219
1843	0.369219
1844	0.369219
1845	0.369219
1846	0.369219
1847	0.369219
1848	0.369219
1849	0.369219
1850	0.369219
1851	0.369219
1852	0.369219
1853	0.369219
1854	0.369219
1855	0.369219
1856	0.369219
1857	0.369219
1858	0.369219
1859	0.369219
1860	0.369219
1861	0.369219
1862	0.369219
1863	0.369219
1864	0.369219
1865	0.369219
1866	0.369219
1867	0.369219
1868	0.369219
1869	0.369219
1870	0.369219
1871	0.369219
1872	0.369219
1873	0.369219
1874	0.369219
1875	0.369219
1876	0.369219
1877	0.369219
1878	0.369219
1879	0.369219
1880	0.369219
1881	0.369219
1882	0.369219
1883	0.369219
1884	0.369219
1885	0.369219
1886	0.369219
1887	0.369219
1888	0.369219
1889	0.369219
1890	0.369219
1891	0.369219
1892	0.369219
1893	0.369219
1894	0.369219
1895	0.369219
1896	0.369219
1897	0.369219
1898	0.369219
1899	0.369219
1900	0.369219
1901	0.369219
1902	0.369219
1903	0.369219
1904	0.369219
1905	0.369219
1906	0.369219
1907	0.369219
1908	0.369219
1909	0.369219
1910	0.369219
1911	0.369219
1912	0.369219
1913	0.369219
1914	0.369219
1915	0.369219
1916	0.369219
1917	0.369219
1918	0.369219
1919	0.369219
1920	0.369219
1921	0.369219
1922	0.369219
1923	0.369219
1924	0.369219
1925	0.369219
1926	0.369219
1927	0.369219
1928	0.369219
1929	0.369219
1930	0.369219
1931	0.369219
1932	0.369219
1933	0.369219
1934	0.369219
1935	0.369219
1936	0.369219
1937	0.369219
1938	0.369219
1939	0.369219
1940	0.369219
1941	0.369219
1942	0.369219
1943	0.369219
1944	0.369219
1945	0.369219
1946	0.369219
1947	0.369219
1948	0.369219
1949	0.369219
1950	0.369219
1951	0.369219
1952	0.369219
1953	0.369219
1954	0.369219
1955	0.369219
1956	0.369219
1957	0.369219
1958	0.369219
1959	0.369219
1960	0.369219
1961	0.369219
1962	0.369219
1963	0.369219
1964	0.369219
1965	0.369219
1966	0.369219
1967	0.369219
1968	0.369219
1969	0.369219
1970	0.369219
1971	0.369219
1972	0.369219
1973	0.369219
1974	0.369219
1975	0.369219
1976	0.369219
1977	0.369219
1978	0.369219
1979	0.369219
1980	0.369219
1981	0.369219
1982	0.369219
1983	0.369219
1984	0.369219
1985	0.369219
1986	0.369219
1987	0.369219
1988	0.369219
1989	0.369219
1990	0.369219
1991	0.369219
1992	0.369219
1993	0.369219
1994	0.369219
1995	0.369219
1996	0.369219
1997	0.369219
1998	0.369219
1999	0.369219
2000	0.369219
2001	0.369219
2002	0.369219
2003	0.369219
2004	0.369219
2005	0.369219
2006	0.369219
2007	0.369219
2008	0.369219
2009	0.369219
2010	0.369219
2011	0.369219
2012	0.369219
2013	0.369219
2014	0.369219
2015	0.369219
2016	0.369219
2017	0.369219
2018	0.369219
2019	0.369219
2020	0.369219
2021	0.369219
2022	0.369219
2023	0.369219
2024	0.369219
2025	0.369219
2026	0.369219
2027	0.369219
2028	0.369219
2029	0.369219
2030	0.369219
2031	0.369219
2032	0.369219
2033	0.369219
2034	0.369219
2035	0.369219
2036	0.369219
2037	0.369219
2038	0.369219
2039	0.369219
2040	0.369219
2041	0.369219
2042	0.369219
2043	0.369219
2044	0.369219
2045	0.369219
2046	0.369219
2047	0.369219
2048	0.369219
2049	0.369219
2050	0.369219
2051	0.369219
2052	0.369219
2053	0.369219
2054	0.369219
2055	0.369219
2056	0.369219
2057	0.369219
2058	0.369219
2059	0.369219
2060	0.369219
2061	0.369219
2062	0.369219
2063	0.369219
2064	0.369219
2065	0.369219
2066	0.369219
2067	0.369219
2068	0.369219
2069	0.369219
2070	0.369219
2071	0.369219
2072	0.369219
2073	0.369219
2074	0.369219
2075	0.369219
2076	0.369219
2077	0.369219
2078	0.369219
2079	0.369219
2080	0.369219
2081	0.369219
2082	0.369219
2083	0.369219
2084	0.369219
2085	0.369219
2086	0.369219
2087	0.369219
2088	0.369219
2089	0.369219
2090	0.369219
2091	0.369219
2092	0.369219
2093	0.369219
2094	0.369219
2095	0.369219
2096	0.369219
2097	0.369219
2098	0.369219
2099	0.369219
2100	0.369219
2101	0.369219
2102	0.369219
2103	0.369219
2104	0.369219
2105	0.369219
2106	0.369219
2107	0.369219
2108	0.369219
2109	0.369219
2110	0.369219
2111	0.369219
2112	0.369219
2113	0.369219
2114	0.369219
2115	0.369219
2116	0.369219
2117	0.369219
2118	0.369219
2119	0.369219
2120	0.369219
2121	0.369219
2122	0.369219
2123	0.369219
2124	0.369219
2125	0.369219
2126	0.369219
2127	0.369219
2128	0.369219
2129	0.369219
2130	0.369219
2131	0.369219
2132	0.369219
2133	0.369219
2134	0.369219
2135	0.369219
2136	0.369219
2137	0.369219
2138	0.369219
2139	0.369219
2140	0.369219
2141	0.369219
2142	0.369219
2143	0.369219
2144	0.369219
2145	0.369219
2146	0.369219
2147	0.369219
2148	0.369219
2149	0.369219
2150	0.369219
2151	0.369219
2152	0.369219
2153	0.369219
2154	0.369219
2155	0.369219
2156	0.369219
2157	0.369219
2158	0.369219
2159	0.369219
2160	0.369219
2161	0.369219
2162	0.369219
2163	0.369219
2164	0.369219
2165	0.369219
2166	0.369219
2167	0.369219
2168	0.369219
2169	0.369219
2170	0.369219
2171	0.369219
2172	0.369219
2173	0.369219
2174	0.369219
2175	0.369219
2176	0.369219
2177	0.369219
2178	0.369219
2179	0.369219
2180	0.369219
2181	0.369219
2182	0.369219
2183	0.369219
2184	0.369219
2185	0.369219
2186	0.369219
2187	0.369219
2188	0.369219
2189	0.369219
2190	0.369219
2191	0.369219
2192	0.369219
2193	0.369219
2194	0.369219
2195	0.369219
2196	0.369219
2197	0.369219
2198	0.369219
2199	0.369219
2200	0.369219
2201	0.369219
2202	0.369219
2203	0.369219
2204	0.369219
2205	0.369219
2206	0.369219
2207	0.369219
2208	0.369219
2209	0.369219
2210	0.369219
2211	0.369219
2212	0.369219
2213	0.369219
2214	0.369219
2215	0.369219
2216	0.369219
2217	0.369219
2218	0.369219
2219	0.369219
2220	0.369219
2221	0.369219
2222	0.369219
2223	0.369219
2224	0.369219
2225	0.369219
2226	0.369219
2227	0.369219
2228	0.369219
2229	0.369219
2230	0.369219
2231	0.369219
2232	0.369219
2233	0.369219
2234	0.369219
2235	0.369219
2236	0.369219
2237	0.369219
2238	0.369219
2239	0.369219
2240	0.369219
2241	0.369219
2242	0.369219
2243	0.369219
2244	0.369219
2245	0.369219
2246	0.369219
2247	0.369219
2248	0.369219
2249	0.369219
2250	0.369219
2251	0.369219
2252	0.369219
2253	0.369219
2254	0.369219
2255	0.369219
2256	0.369219
2257	0.369219
2258	0.369219
2259	0.369219
2260	0.369219
2261	0.369219
2262	0.369219
2263	0.369219
2264	0.369219
2265	0.369219
2266	0.369219
2267	0.369219
2268	0.369219
2269	0.369219
2270	0.369219
2271	0.369219
2272	0.369219
2273	0.369219
2274	0.369219
2275	0.369219
2276	0.369219
2277	0.369219
2278	0.369219
2279	0.369219
2280	0.369219
2281	0.369219
2282	0.369219
2283	0.369219
2284	0.369219
2285	0.369219
2286	0.369219
2287	0.369219
2288	0.369219
2289	0.369219
2290	0.369219
2291	0.369219
2292	0.369219
2293	0.369219
2294	0.369219
2295	0.369219
2296	0.369219
2297	0.369219
2298	0.369219
2299	0.369219
2300	0.369219
2301	0.369219
2302	0.369219
2303	0.369219
2304	0.369219
2305	0.369219
2306	0.369219
2307	0.369219
2308	0.369219
2309	0.369219
2310	0.369219
2311	0.369219
2312	0.369219
2313	0.369219
2314	0.369219
2315	0.369219
2316	0.369219
2317	0.369219
2318	0.369219
2319	0.369219
2320	0.369219
2321	0.369219
2322	0.369219
2323	0.369219
2324	0.369219
2325	0.369219
2326	0.369219
2327	0.369219
2328	0.369219
2329	0.369219
2330	0.369219
2331	0.369219
2332	0.369219
2333	0.369219
2334	0.369219
2335	0.369219
2336	0.369219
2337	0.369219
2338	0.369219
2339	0.369219
2340	0.369219
2341	0.369219
2342	0.369219
2343	0.369219
2344	0.369219
2345	0.369219
2346	0.369219
2347	0.369219
2348	0.369219
2349	0.369219
2350	0.369219
2351	0.369219
2352	0.369219
2353	0.369219
2354	0.369219
2355	0.369219
2356	0.369219
2357	0.369219
2358	0.369219
2359	0.369219
2360	0.369219
2361	0.369219
2362	0.369219
2363	0.369219
2364	0.369219
2365	0.369219
2366	0.369219
2367	0.369219
2368	0.369219
2369	0.369219
2370	0.369219
2371	0.369219
2372	0.369219
2373	0.369219
2374	0.369219
2375	0.369219
2376	0.369219
2377	0.369219
2378	0.369219
2379	0.369219
2380	0.369219
2381	0.369219
2382	0.369219
2383	0.369219
2384	0.369219
2385	0.369219
2386	0.369219
2387	0.369219
2388	0.369219
2389	0.369219
2390	0.369219
2391	0.369219
2392	0.369219
2393	0.369219
2394	0.369219
2395	0.369219
2396	0.369219
2397	0.369219
2398	0.369219
2399	0.369219
2400	0.369219
2401	0.369219
2402	0.369219
2403	0.369219
2404	0.369219
2405	0.369219
2406	0.369219
2407	0.369219
2408	0.369219
2409	0.369219
2410	0.369219
2411	0.369219
2412	0.369219
2413	0.369219
2414	0.369219
2415	0.369219
2416	0.369219
2417	0.369219
2418	0.369219
2419	0.369219
2420	0.369219
2421	0.369219
2422	0.369219
2423	0.369219
2424	0.369219
2425	0.369219
2426	0.369219
2427	0.369219
2428	0.369219
2429	0.369219
2430	0.369219
2431	0.369219
2432	0.369219
2433	0.369219
2434	0.369219
2435	0.369219
2436	0.369219
2437	0.369219
2438	0.369219
2439	0.369219
2440	0.369219
2441	0.369219
2442	0.369219
2443	0.369219
2444	0.369219
2445	0.369219
2446	0.369219
2447	0.369219
2448	0.369219
2449	0.369219
2450	0.369219
2451	0.369219
2452	0.369219
2453	0.369219
2454	0.369219
2455	0.369219
2456	0.369219
2457	0.369219
2458	0.369219
2459	0.369219
2460	0.369219
2461	0.369219
2462	0.369219
2463	0.369219
2464	0.369219
2465	0.369219
2466	0.369219
2467	0.369219
2468	0.369219
2469	0.369219
2470	0.369219
2471	0.369219
2472	0.369219
2473	0.369219
2474	0.369219
2475	0.369219
2476	0.369219
2477	0.369219
2478	0.369219
2479	0.369219
2480	0.369219
2481	0.369219
2482	0.369219
2483	0.369219
2484	0.369219
2485	0.369219
2486	0.369219
2487	0.369219
2488	0.369219
2489	0.369219
2490	0.369219
2491	0.369219
2492	0.369219
2493	0.369219
2494	0.369219
2495	0.369219
2496	0.369219
2497	0.369219
2498	0.369219
2499	0.369219
2500	0.369219
2501	0.369219
2502	0.369219
2503	0.369219
2504	0.369219
2505	0.369219
2506	0.369219
2507	0.369219
2508	0.369219
2509	0.369219
2510	0.369219
2511	0.369219
2512	0.369219
2513	0.369219
2514	0.369219
2515	0.369219
2516	0.369219
2517	0.369219
2518	0.369219
2519	0.369219
2520	0.369219
2521	0.369219
2522	0.369219
2523	0.369219
2524	0.369219
2525	0.369219
2526	0.369219
2527	0.369219
2528	0.369219
2529	0.369219
2530	0.369219
2531	0.369219
2532	0.369219
2533	0.369219
2534	0.369219
2535	0.369219
2536	0.369219
2537	0.369219
2538	0.369219
2539	0.369219
2540	0.369219
2541	0.369219
2542	0.369219
2543	0.369219
2544	0.369219
2545	0.369219
2546	0.369219
2547	0.369219
2548	0.369219
2549	0.369219
2550	0.369219
2551	0.369219
2552	0.369219
2553	0.369219
2554	0.369219
2555	0.369219
2556	0.369219
2557	0.369219
2558	0.369219
2559	0.369219
2560	0.369219
2561	0.369219
2562	0.369219
2563	0.369219
2564	0.369219
2565	0.369219
2566	0.369219
2567	0.369219
2568	0.369219
2569	0.369219
2570	0.369219
2571	0.369219
2572	0.369219
2573	0.369219
2574	0.369219
2575	0.369219
2576	0.369219
2577	0.369219
2578	0.369219
2579	0.369219
2580	0.369219
2581	0.369219
2582	0.369219
2583	0.369219
2584	0.369219
2585	0.369219
2586	0.369219
2587	0.369219
2588	0.369219
2589	0.369219
2590	0.369219
2591	0.369219
2592	0.369219
2593	0.369219
2594	0.369219
2595	0.369219
2596	0.369219
2597	0.369219
2598	0.369219
2599	0.369219
2600	0.369219
2601	0.369219
2602	0.369219
2603	0.369219
2604	0.369219
2605	0.369219
2606	0.369219
2607	0.369219
2608	0.369219
2609	0.369219
2610	0.369219
2611	0.369219
2612	0.369219
2613	0.369219
2614	0.369219
2615	0.369219
2616	0.369219
2617	0.369219
2618	0.369219
2619	0.369219
2620	0.369219
2621	0.369219
2622	0.369219
2623	0.369219
2624	0.369219
2625	0.369219
2626	0.369219
2627	0.369219
2628	0.369219
2629	0.369219
2630	0.369219
2631	0.369219
2632	0.369219
2633	0.369219
2634	0.369219
2635	0.369219
2636	0.369219
2637	0.369219
2638	0.369219
2639	0.369219
2640	0.369219
2641	0.369219
2642	0.369219
2643	0.369219
2644	0.369219
2645	0.369219
2646	0.369219
2647	0.369219
2648	0.369219
2649	0.369219
2650	0.369219
2651	0.369219
2652	0.369219
2653	0.369219
2654	0.369219
2655	0.369219
2656	0.369219
2657	0.369219
2658	0.369219
2659	0.369219
2660	0.369219
2661	0.369219
2662	0.369219
2663	0.369219
2664	0.369219
2665	0.369219
2666	0.369219
2667	0.369219
2668	0.369219
2669	0.369219
2670	0.369219
2671	0.369219
2672	0.369219
2673	0.369219
2674	0.369219
2675	0.369219
2676	0.369219
2677	0.369219
2678	0.369219
2679	0.369219
2680	0.369219
2681	0.369219
2682	0.369219
2683	0.369219
2684	0.369219
2685	0.369219
2686	0.369219
2687	0.369219
2688	0.369219
2689	0.369219
2690	0.369219
2691	0.369219
2692	0.369219
2693	0.369219
2694	0.369219
2695	0.369219
2696	0.369219
2697	0.369219
2698	0.369219
2699	0.369219
2700	0.369219
2701	0.369219
2702	0.369219
2703	0.369219
2704	0.369219
2705	0.369219
2706	0.369219
2707	0.369219
2708	0.369219
2709	0.369219
2710	0.369219
2711	0.369219
2712	0.369219
2713	0.369219
2714	0.369219
2715	0.369219
2716	0.369219
2717	0.369219
2718	0.369219
2719	0.369219
2720	0.369219
2721	0.369219
2722	0.369219
2723	0.369219
2724	0.369219
2725	0.369219
2726	0.369219
2727	0.369219
2728	0.369219
2729	0.369219
2730	0.369219
2731	0.369219
2732	0.369219
2733	0.369219
2734	0.369219
2735	0.369219
2736	0.369219
2737	0.369219
2738	0.369219
2739	0.369219
2740	0.369219
2741	0.369219
2742	0.369219
2743	0.369219
2744	0.369219
2745	0.369219
2746	0.369219
2747	0.369219
2748	0.369219
2749	0.369219
2750	0.369219
2751	0.369219
2752	0.369219
2753	0.369219
2754	0.369219
2755	0.369219
2756	0.369219
2757	0.369219
2758	0.369219
2759	0.369219
2760	0.369219
2761	0.369219
2762	0.369219
2763	0.369219
2764	0.369219
2765	0.369219
2766	0.369219
2767	0.369219
2768	0.369219
2769	0.369219
2770	0.369219
2771	0.369219
2772	0.369219
2773	0.369219
2774	0.369219
2775	0.369219
2776	0.369219
2777	0.369219
2778	0.369219
2779	0.369219
2780	0.369219
2781	0.369219
2782	0.369219
2783	0.369219
2784	0.369219
2785	0.369219
2786	0.369219
2787	0.369219
2788	0.369219
2789	0.369219
2790	0.369219
2791	0.369219
2792	0.369219
2793	0.369219
2794	0.369219
2795	0.369219
2796	0.369219
2797	0.369219
2798	0.369219
2799	0.369219
2800	0.369219
2801	0.369219
2802	0.369219
2803	0.369219
2804	0.369219
2805	0.369219
2806	0.369219
2807	0.369219
2808	0.369219
2809	0.369219
2810	0.369219
2811	0.369219
2812	0.369219
2813	0.369219
2814	0.369219
2815	0.369219
2816	0.369219
2817	0.369219
2818	0.369219
2819	0.369219
2820	0.369219
2821	0.369219
2822	0.369219
2823	0.369219
2824	0.369219
2825	0.369219
2826	0.369219
2827	0.369219
2828	0.369219
2829	0.369219
2830	0.369219
2831	0.369219
2832	0.369219
2833	0.369219
2834	0.369219
2835	0.369219
2836	0.369219
2837	0.369219
2838	0.369219
2839	0.369219
2840	0.369219
2841	0.369219
2842	0.369219
2843	0.369219
2844	0.369219
2845	0.369219
2846	0.369219
2847	0.369219
2848	0.369219
2849	0.369219
2850	0.369219
2851	0.369219
2852	0.369219
2853	0.369219
2854	0.369219
2855	0.369219
2856	0.369219
2857	0.369219
2858	0.369219
2859	0.369219
2860	0.369219
2861	0.369219
2862	0.369219
2863	0.369219
2864	0.369219
2865	0.369219
2866	0.369219
2867	0.369219
2868	0.369219
2869	0.369219
2870	0.369219
2871	0.369219
2872	0.369219
2873	0.369219
2874	0.369219
2875	0.369219
2876	0.369219
2877	0.369219
2878	0.369219
2879	0.369219
2880	0.369219
2881	0.369219
2882	0.369219
2883	0.369219
2884	0.369219
2885	0.369219
2886	0.369219
2887	0.369219
2888	0.369219
2889	0.369219
2890	0.369219
2891	0.369219
2892	0.369219
2893	0.369219
2894	0.369219
2895	0.369219
2896	0.369219
2897	0.369219
2898	0.369219
2899	0.369219
2900	0.369219
2901	0.369219
2902	0.369219
2903	0.369219
2904	0.369219
2905	0.369219
2906	0.369219
2907	0.369219
2908	0.369219
2909	0.369219
2910	0.369219
2911	0.369219
2912	0.369219
2913	0.369219
2914	0.369219
2915	0.369219
2916	0.369219
2917	0.369219
2918	0.369219
2919	0.369219
2920	0.369219
2921	0.369219
2922	0.369219
2923	0.369219
2924	0.369219
2925	0.369219
2926	0.369219
2927	0.369219
2928	0.369219
2929	0.369219
2930	0.369219
2931	0.369219
2932	0.369219
2933	0.369219
2934	0.369219
2935	0.369219
2936	0.369219
2937	0.369219
2938	0.369219
2939	0.369219
2940	0.369219
2941	0.369219
2942	0.369219
2943	0.369219
2944	0.369219
2945	0.369219
2946	0.369219
2947	0.369219
2948	0.369219
2949	0.369219
2950	0.369219
2951	0.369219
2952	0.369219
2953	0.369219
2954	0.369219
2955	0.369219
2956	0.369219
2957	0.369219
2958	0.369219
2959	0.369219
2960	0.369219
2961	0.369219
2962	0.369219
2963	0.369219
2964	0.369219
2965	0.369219
2966	0.369219
2967	0.369219
2968	0.369219
2969	0.369219
2970	0.369219
2971	0.369219
2972	0.369219
2973	0.369219
2974	0.369219
2975	0.369219
2976	0.369219
2977	0.369219
2978	0.369219
2979	0.369219
2980	0.369219
2981	0.369219
2982	0.369219
2983	0.369219
2984	0.369219
2985	0.369219
2986	0.369219
2987	0.369219
2988	0.369219
2989	0.369219
2990	0.369219
2991	0.369219
2992	0.369219
2993	0.369219
2994	0.369219
2995	0.369219
2996	0.369219
2997	0.369219
2998	0.369219
2999	0.369219
3000	0.369219
3001	0.369219
3002	0.369219
3003	0.369219
3004	0.369219
3005	0.369219
3006	0.369219
3007	0.369219
3008	0.369219
3009	0.369219
3010	0.369219
3011	0.369219
3012	0.369219
3013	0.369219
3014	0.369219
3015	0.369219
3016	0.369219
3017	0.369219
3018	0.369219
3019	0.369219
3020	0.369219
3021	0.369219
3022	0.369219
3023	0.369219
3024	0.369219
3025	0.369219
3026	0.369219
3027	0.369219
3028	0.369219
3029	0.369219
3030	0.369219
3031	0.369219
3032	0.369219
3033	0.369219
3034	0.369219
3035	0.369219
3036	0.369219
3037	0.369219
3038	0.369219
3039	0.369219
3040	0.369219
3041	0.369219
3042	0.369219
3043	0.369219
3044	0.369219
3045	0.369219
3046	0.369219
3047	0.369219
3048	0.369219
3049	0.369219
3050	0.369219
3051	0.369219
3052	0.369219
3053	0.369219
3054	0.369219
3055	0.369219
3056	0.369219
3057	0.369219
3058	0.369219
3059	0.369219
3060	0.369219
3061	0.369219
3062	0.369219
3063	0.369219
3064	0.369219
3065	0.369219
3066	0.369219
3067	0.369219
3068	0.369219
3069	0.369219
3070	0.369219
3071	0.369219
3072	0.369219
3073	0.369219
3074	0.369219
3075	0.369219
3076	0.369219
3077	0.369219
3078	0.369219
3079	0.369219
3080	0.369219
3081	0.369219
3082	0.369219
3083	0.369219
3084	0.369219
3085	0.369219
3086	0.369219
3087	0.369219
3088	0.369219
3089	0.369219
3090	0.369219
3091	0.369219
3092	0.369219
3093	0.369219
3094	0.369219
3095	0.369219
3096	0.369219
3097	0.369219
3098	0.369219
3099	0.369219
3100	0.369219
3101	0.369219
3102	0.369219
3103	0.369219
3104	0.369219
3105	0.369219
3106	0.369219
3107	0.369219
3108	0.369219
3109	0.369219
3110	0.369219
3111	0.369219
3112	0.369219
3113	0.369219
3114	0.369219
3115	0.369219
3116	0.369219
3117	0.369219
3118	0.369219
3119	0.369219
3120	0.369219
3121	0.369219
3122	0.369219
3123	0.369219
3124	0.369219
3125	0.369219
3126	0.369219
3127	0.369219
3128	0.369219
3129	0.369219
3130	0.369219
3131	0.369219
3132	0.369219
3133	0.369219
3134	0.369219
3135	0.369219
3136	0.369219
3137	0.369219
3138	0.369219
3139	0.369219
3140	0.369219
3141	0.369219
3142	0.369219
3143	0.369219
3144	0.369219
3145	0.369219
3146	0.369219
3147	0.369219
3148	0.369219
3149	0.369219
3150	0.369219
3151	0.369219
3152	0.369219
3153	0.369219
3154	0.369219
3155	0.369219
3156	0.369219
3157	0.369219
3158	0.369219
3159	0.369219
3160	0.369219
3161	0.369219
3162	0.369219
3163	0.369219
3164	0.369219
3165	0.369219
3166	0.369219
3167	0.369219
3168	0.369219
3169	0.369219
3170	0.369219
3171	0.369219
3172	0.369219
3173	0.369219
3174	0.369219
3175	0.369219
3176	0.369219
3177	0.369219
3178	0.369219
3179	0.369219
3180	0.369219
3181	0.369219
3182	0.369219
3183	0.369219
3184	0.369219
3185	0.369219
3186	0.369219
3187	0.369219
3188	0.369219
3189	0.369219
3190	0.369219
3191	0.369219
3192	0.369219
3193	0.369219
3194	0.369219
3195	0.369219
3196	0.369219
3197	0.369219
3198	0.369219
3199	0.369219
3200	0.369219
3201	0.369219
3202	0.369219
3203	0.369219
3204	0.369219
3205	0.369219
3206	0.369219
3207	0.369219
3208	0.369219
3209	0.369219
3210	0.369219
3211	0.369219
3212	0.369219
3213	0.369219
3214	0.369219
3215	0.369219
3216	0.369219
3217	0.369219
3218	0.369219
3219	0.369219
3220	0.369219
3221	0.369219
3222	0.369219
3223	0.369219
3224	0.369219
3225	0.369219
3226	0.369219
3227	0.369219
3228	0.369219
3229	0.369219
3230	0.369219
3231	0.369219
3232	0.369219
3233	0.369219
3234	0.369219
3235	0.369219
3236	0.369219
3237	0.369219
3238	0.369219
3239	0.369219
3240	0.369219
3241	0.369219
3242	0.369219
3243	0.369219
3244	0.369219
3245	0.369219
3246	0.369219
3247	0.369219
3248	0.369219
3249	0.369219
3250	0.369219
3251	0.369219
3252	0.369219
3253	0.369219
3254	0.369219
3255	0.369219
3256	0.369219
3257	0.369219
3258	0.369219
3259	0.369219
3260	0.369219
3261	0.369219
3262	0.369219
3263	0.369219
3264	0.369219
3265	0.369219
3266	0.369219
3267	0.369219
3268	0.369219
3269	0.369219
3270	0.369219
3271	0.369219
3272	0.369219
3273	0.369219
3274	0.369219
3275	0.369219
3276	0.369219
3277	0.369219
3278	0.369219
3279	0.369219
3280	0.369219
3281	0.369219
3282	0.369219
3283	0.369219
3284	0.369219
3285	0.369219
3286	0.369219
3287	0.369219
3288	0.369219
3289	0.369219
3290	0.369219
3291	0.369219
3292	0.369219
3293	0.369219
3294	0.369219
3295	0.369219
3296	0.369219
3297	0.369219
3298	0.369219
3299	0.369219
3300	0.369219
3301	0.369219
3302	0.369219
3303	0.369219
3304	0.369219
3305	0.369219
3306	0.369219
3307	0.369219
3308	0.369219
3309	0.369219
3310	0.369219
3311	0.369219
3312	0.369219
3313	0.369219
3314	0.369219
3315	0.369219
3316	0.369219
3317	0.369219
3318	0.369219
3319	0.369219
3320	0.369219
3321	0.369219
3322	0.369219
3323	0.369219
3324	0.369219
3325	0.369219
3326	0.369219
3327	0.369219
3328	0.369219
3329	0.369219
3330	0.369219
3331	0.369219
3332	0.369219
3333	0.369219
3334	0.369219
3335	0.369219
3336	0.369219
3337	0.369219
3338	0.369219
3339	0.369219
3340	0.369219
3341	0.369219
3342	0.369219
3343	0.369219
3344	0.369219
3345	0.369219
3346	0.369219
3347	0.369219
3348	0.369219
3349	0.369219
3350	0.369219
3351	0.369219
3352	0.369219
3353	0.369219
3354	0.369219
3355	0.369219
3356	0.369219
3357	0.369219
3358	0.369219
3359	0.369219
3360	0.369219
3361	0.369219
3362	0.369219
3363	0.369219
3364	0.369219
3365	0.369219
3366	0.369219
3367	0.369219
3368	0.369219
3369	0.369219
3370	0.369219
3371	0.369219
3372	0.369219
3373	0.369219
3374	0.369219
3375	0.369219
3376	0.369219
3377	0.369219
3378	0.369219
3379	0.369219
3380	0.369219
3381	0.369219
3382	0.369219
3383	0.369219
3384	0.369219
3385	0.369219
3386	0.369219
3387	0.369219
3388	0.369219
3389	0.369219
3390	0.369219
3391	0.369219
3392	0.369219
3393	0.369219
3394	0.369219
3395	0.369219
3396	0.369219
3397	0.369219
3398	0.369219
3399	0.369219
3400	0.369219
3401	0.369219
3402	0.369219
3403	0.369219
3404	0.369219
3405	0.369219
3406	0.369219
3407	0.369219
3408	0.369219
3409	0.369219
3410	0.369219
3411	0.369219
3412	0.369219
3413	0.369219
3414	0.369219
3415	0.369219
3416	0.369219
3417	0.369219
3418	0.369219
3419	0.369219
3420	0.369219
3421	0.369219
3422	0.369219
3423	0.369219
3424	0.369219
3425	0.369219
3426	0.369219
3427	0.369219
3428	0.369219
3429	0.369219
3430	0.369219
3431	0.369219
3432	0.369219
3433	0.369219
3434	0.369219
3435	0.369219
3436	0.369219
3437	0.369219
3438	0.369219
3439	0.369219
3440	0.369219
3441	0.369219
3442	0.369219
3443	0.369219
3444	0.369219
3445	0.369219
3446	0.369219
3447	0.369219
3448	0.369219
3449	0.369219
3450	0.369219
3451	0.369219
3452	0.369219
3453	0.369219
3454	0.369219
3455	0.369219
3456	0.369219
3457	0.369219
3458	0.369219
3459	0.369219
3460	0.369219
3461	0.369219
3462	0.369219
3463	0.369219
3464	0.369219
3465	0.369219
3466	0.369219
3467	0.369219
3468	0.369219
3469	0.369219
3470	0.369219
3471	0.369219
3472	0.369219
3473	0.369219
3474	0.369219
3475	0.369219
3476	0.369219
3477	0.369219
3478	0.369219
3479	0.369219
3480	0.369219
3481	0.369219
3482	0.369219
3483	0.369219
3484	0.369219
3485	0.369219
3486	0.369219
3487	0.369219
3488	0.369219
3489	0.369219
3490	0.369219
3491	0.369219
3492	0.369219
3493	0.369219
3494	0.369219
3495	0.369219
3496	0.369219
3497	0.369219
3498	0.369219
3499	0.369219
3500	0.369219
3501	0.369219
3502	0.369219
3503	0.369219
3504	0.369219
3505	0.369219
3506	0.369219
3507	0.369219
3508	0.369219
3509	0.369219
3510	0.369219
3511	0.369219
3512	0.369219
3513	0.369219
3514	0.369219
3515	0.369219
3516	0.369219
3517	0.369219
3518	0.369219
3519	0.369219
3520	0.369219
3521	0.369219
3522	0.369219
3523	0.369219
3524	0.369219
3525	0.369219
3526	0.369219
3527	0.369219
3528	0.369219
3529	0.369219
3530	0.369219
3531	0.369219
3532	0.369219
3533	0.369219
3534	0.369219
3535	0.369219
3536	0.369219
3537	0.369219
3538	0.369219
3539	0.369219
3540	0.369219
3541	0.369219
3542	0.369219
3543	0.369219
3544	0.369219
3545	0.369219
3546	0.369219
3547	0.369219
3548	0.369219
3549	0.369219
3550	0.369219
3551	0.369219
3552	0.369219
3553	0.369219
3554	0.369219
3555	0.369219
3556	0.369219
3557	0.369219
3558	0.369219
3559	0.369219
3560	0.369219
3561	0.369219
3562	0.369219
3563	0.369219
3564	0.369219
3565	0.369219
3566	0.369219
3567	0.369219
3568	0.369219
3569	0.369219
3570	0.369219
3571	0.369219
3572	0.369219
3573	0.369219
3574	0.369219
3575	0.369219
3576	0.369219
3577	0.369219
3578	0.369219
3579	0.369219
3580	0.369219
3581	0.369219
3582	0.369219
3583	0.369219
3584	0.369219
3585	0.369219
3586	0.369219
3587	0.369219
3588	0.369219
3589	0.369219
3590	0.369219
3591	0.369219
3592	0.369219
3593	0.369219
3594	0.369219
3595	0.369219
3596	0.369219
3597	0.369219
3598	0.369219
3599	0.369219
3600	0.369219
3601	0.369219
3602	0.369219
3603	0.369219
3604	0.369219
3605	0.369219
3606	0.369219
3607	0.369219
3608	0.369219
3609	0.369219
3610	0.369219
3611	0.369219
3612	0.369219
3613	0.369219
3614	0.369219
3615	0.369219
3616	0.369219
3617	0.369219
3618	0.369219
3619	0.369219
3620	0.369219
3621	0.369219
3622	0.369219
3623	0.369219
3624	0.369219
3625	0.369219
3626	0.369219
3627	0.369219
3628	0.369219
3629	0.369219
3630	0.369219
3631	0.369219
3632	0.369219
3633	0.369219
3634	0.369219
3635	0.369219
3636	0.369219
3637	0.369219
3638	0.369219
3639	0.369219
3640	0.369219
3641	0.369219
3642	0.369219
3643	0.369219
3644	0.369219
3645	0.369219
3646	0.369219
3647	0.369219
3648	0.369219
3649	0.369219
3650	0.369219
3651	0.369219
3652	0.369219
3653	0.369219
3654	0.369219
3655	0.369219
3656	0.369219
3657	0.369219
3658	0.369219
3659	0.369219
3660	0.369219
3661	0.369219
3662	0.369219
3663	0.369219
3664	0.369219
3665	0.369219
3666	0.369219
3667	0.369219
3668	0.369219
3669	0.369219
3670	0.369219
3671	0.369219
3672	0.369219
3673	0.369219
3674	0.369219
3675	0.369219
3676	0.369219
3677	0.369219
3678	0.369219
3679	0.369219
3680	0.369219
3681	0.369219
3682	0.369219
3683	0.369219
3684	0.369219
3685	0.369219
3686	0.369219
3687	0.369219
3688	0.369219
3689	0.369219
3690	0.369219
3691	0.369219
3692	0.369219
3693	0.369219
3694	0.369219
3695	0.369219
3696	0.369219
3697	0.369219
3698	0.369219
3699	0.369219
3700	0.369219
3701	0.369219
3702	0.369219
3703	0.369219
3704	0.369219
3705	0.369219
3706	0.369219
3707	0.369219
3708	0.369219
3709	0.369219
3710	0.369219
3711	0.369219
3712	0.369219
3713	0.369219
3714	0.369219
3715	0.369219
3716	0.369219
3717	0.369219
3718	0.369219
3719	0.369219
3720	0.369219
3721	0.369219
3722	0.369219
3723	0.369219
3724	0.369219
3725	0.369219
3726	0.369219
3727	0.369219
3728	0.369219
3729	0.369219
3730	0.369219
3731	0.369219
3732	0.369219
3733	0.369219
3734	0.369219
3735	0.369219
3736	0.369219
3737	0.369219
3738	0.369219
3739	0.369219
3740	0.369219
3741	0.369219
3742	0.369219
3743	0.369219
3744	0.369219
3745	0.369219
3746	0.369219
3747	0.369219
3748	0.369219
3749	0.369219
3750	0.369219
3751	0.369219
3752	0.369219
3753	0.369219
3754	0.369219
3755	0.369219
3756	0.369219
3757	0.369219
3758	0.369219
3759	0.369219
3760	0.369219
3761	0.369219
3762	0.369219
3763	0.369219
3764	0.369219
3765	0.369219
3766	0.369219
3767	0.369219
3768	0.369219
3769	0.369219
3770	0.369219
3771	0.369219
3772	0.369219
3773	0.369219
3774	0.369219
3775	0.369219
3776	0.369219
3777	0.369219
3778	0.369219
3779	0.369219
3780	0.369219
3781	0.369219
3782	0.369219
3783	0.369219
3784	0.369219
3785	0.369219
3786	0.369219
3787	0.369219
3788	0.369219
3789	0.369219
3790	0.369219
3791	0.369219
3792	0.369219
3793	0.369219
3794	0.369219
3795	0.369219
3796	0.369219
3797	0.369219
3798	0.369219
3799	0.369219
3800	0.369219
3801	0.369219
3802	0.369219
3803	0.369219
3804	0.369219
3805	0.369219
3806	0.369219
3807	0.369219
3808	0.369219
3809	0.369219
3810	0.369219
3811	0.369219
3812	0.369219
3813	0.369219
3814	0.369219
3815	0.369219
3816	0.369219
3817	0.369219
3818	0.369219
3819	0.369219
3820	0.369219
3821	0.369219
3822	0.369219
3823	0.369219
3824	0.369219
3825	0.369219
3826	0.369219
3827	0.369219
3828	0.369219
3829	0.369219
3830	0.369219
3831	0.369219
3832	0.369219
3833	0.369219
3834	0.369219
3835	0.369219
3836	0.369219
3837	0.369219
3838	0.369219
3839	0.369219
3840	0.369219
3841	0.369219
3842	0.369219
3843	0.369219
3844	0.369219
3845	0.369219
3846	0.369219
3847	0.369219
3848	0.369219
3849	0.369219
3850	0.369219
3851	0.369219
3852	0.369219
3853	0.369219
3854	0.369219
3855	0.369219
3856	0.369219
3857	0.369219
3858	0.369219
3859	0.369219
3860	0.369219
3861	0.369219
3862	0.369219
3863	0.369219
3864	0.369219
3865	0.369219
3866	0.369219
3867	0.369219
3868	0.369219
3869	0.369219
3870	0.369219
3871	0.369219
3872	0.369219
3873	0.369219
3874	0.369219
3875	0.369219
3876	0.369219
3877	0.369219
3878	0.369219
3879	0.369219
3880	0.369219
3881	0.369219
3882	0.369219
3883	0.369219
3884	0.369219
3885	0.369219
3886	0.369219
3887	0.369219
3888	0.369219
3889	0.369219
3890	0.369219
3891	0.369219
3892	0.369219
3893	0.369219
3894	0.369219
3895	0.369219
3896	0.369219
3897	0.369219
3898	0.369219
3899	0.369219
3900	0.369219
3901	0.369219
3902	0.369219
3903	0.369219
3904	0.369219
3905	0.369219
3906	0.369219
3907	0.369219
3908	0.369219
3909	0.369219
3910	0.369219
3911	0.369219
3912	0.369219
3913	0.369219
3914	0.369219
3915	0.369219
3916	0.369219
3917	0.369219
3918	0.369219
3919	0.369219
3920	0.369219
3921	0.369219
3922	0.369219
3923	0.369219
3924	0.369219
3925	0.369219
3926	0.369219
3927	0.369219
3928	0.369219
3929	0.369219
3930	0.369219
3931	0.369219
3932	0.369219
3933	0.369219
3934	0.369219
3935	0.369219
3936	0.369219
3937	0.369219
3938	0.369219
3939	0.369219
3940	0.369219
3941	0.369219
3942	0.369219
3943	0.369219
3944	0.369219
3945	0.369219
3946	0.369219
3947	0.369219
3948	0.369219
3949	0.369219
3950	0.369219
3951	0.369219
3952	0.369219
3953	0.369219
3954	0.369219
3955	0.369219
3956	0.369219
3957	0.369219
3958	0.369219
3959	0.369219
3960	0.369219
3961	0.369219
3962	0.369219
3963	0.369219
3964	0.369219
3965	0.369219
3966	0.369219
3967	0.369219
3968	0.369219
3969	0.369219
3970	0.369219
3971	0.369219
3972	0.369219
3973	0.369219
3974	0.369219
3975	0.369219
3976	0.369219
3977	0.369219
3978	0.369219
3979	0.369219
3980	0.369219
3981	0.369219
3982	0.369219
3983	0.369219
3984	0.369219
3985	0.369219
3986	0.369219
3987	0.369219
3988	0.369219
3989	0.369219
3990	0.369219
3991	0.369219
3992	0.369219
3993	0.369219
3994	0.369219
3995	0.369219
3996	0.369219
3997	0.369219
3998	0.369219
3999	0.369219
4000	0.369219
4001	0.369219
4002	0.369219
4003	0.369219
4004	0.369219
4005	0.369219
4006	0.369219
4007	0.369219
4008	0.369219
4009	0.369219
4010	0.369219
4011	0.369219
4012	0.369219
4013	0.369219
4014	0.369219
4015	0.369219
4016	0.369219
4017	0.369219
4018	0.369219
4019	0.369219
4020	0.369219
4021	0.369219
4022	0.369219
4023	0.369219
4024	0.369219
4025	0.369219
4026	0.369219
4027	0.369219
4028	0.369219
4029	0.369219
4030	0.369219
4031	0.369219
4032	0.369219
4033	0.369219
4034	0.369219
4035	0.369219
4036	0.369219
4037	0.369219
4038	0.369219
4039	0.369219
4040	0.369219
4041	0.369219
4042	0.369219
4043	0.369219
4044	0.369219
4045	0.369219
4046	0.369219
4047	0.369219
4048	0.369219
4049	0.369219
4050	0.369219
4051	0.369219
4052	0.369219
4053	0.369219
4054	0.369219
4055	0.369219
4056	0.369219
4057	0.369219
4058	0.369219
4059	0.369219
4060	0.369219
4061	0.369219
4062	0.369219
4063	0.369219
4064	0.369219
4065	0.369219
4066	0.369219
4067	0.369219
4068	0.369219
4069	0.369219
4070	0.369219
4071	0.369219
4072	0.369219
4073	0.369219
4074	0.369219
4075	0.369219
4076	0.369219
4077	0.369219
4078	0.369219
4079	0.369219
4080	0.369219
4081	0.369219
4082	0.369219
4083	0.369219
4084	0.369219
4085	0.369219
4086	0.369219
4087	0.369219
4088	0.369219
4089	0.369219
4090	0.369219
4091	0.369219
4092	0.369219
4093	0.369219
4094	0.369219
4095	0.369219
4096	0.369219
4097	0.369219
4098	0.369219
4099	0.369219
4100	0.369219
4101	0.369219
4102	0.369219
4103	0.369219
4104	0.369219
4105	0.369219
4106	0.369219
4107	0.369219
4108	0.369219
4109	0.369219
4110	0.369219
4111	0.369219
4112	0.369219
4113	0.369219
4114	0.369219
4115	0.369219
4116	0.369219
4117	0.369219
4118	0.369219
4119	0.369219
4120	0.369219
4121	0.369219
4122	0.369219
4123	0.369219
4124	0.369219
4125	0.369219
4126	0.369219
4127	0.369219
4128	0.369219
4129	0.369219
4130	0.369219
4131	0.369219
4132	0.369219
4133	0.369219
4134	0.369219
4135	0.369219
4136	0.369219
4137	0.369219
4138	0.369219
4139	0.369219
4140	0.369219
4141	0.369219
4142	0.369219
4143	0.369219
4144	0.369219
4145	0.369219
4146	0.369219
4147	0.369219
4148	0.369219
4149	0.369219
4150	0.369219
4151	0.369219
4152	0.369219
4153	0.369219
4154	0.369219
4155	0.369219
4156	0.369219
4157	0.369219
4158	0.369219
4159	0.369219
4160	0.369219
4161	0.369219
4162	0.369219
4163	0.369219
4164	0.369219
4165	0.369219
4166	0.369219
4167	0.369219
4168	0.369219
4169	0.369219
4170	0.369219
4171	0.369219
4172	0.369219
4173	0.369219
4174	0.369219
4175	0.369219
4176	0.369219
4177	0.369219
4178	0.369219
4179	0.369219
4180	0.369219
4181	0.369219
4182	0.369219
4183	0.369219
4184	0.369219
4185	0.369219
4186	0.369219
4187	0.369219
4188	0.369219
4189	0.369219
4190	0.369219
4191	0.369219
4192	0.369219
4193	0.369219
4194	0.369219
4195	0.369219
4196	0.369219
4197	0.369219
4198	0.369219
4199	0.369219
4200	0.369219
4201	0.369219
4202	0.369219
4203	0.369219
4204	0.369219
4205	0.369219
4206	0.369219
4207	0.369219
4208	0.369219
4209	0.369219
4210	0.369219
4211	0.369219
4212	0.369219
4213	0.369219
4214	0.369219
4215	0.369219
4216	0.369219
4217	0.369219
4218	0.369219
4219	0.369219
4220	0.369219
4221	0.369219
4222	0.369219
4223	0.369219
4224	0.369219
4225	0.369219
4226	0.369219
4227	0.369219
4228	0.369219
4229	0.369219
4230	0.369219
4231	0.369219
4232	0.369219
4233	0.369219
4234	0.369219
4235	0.369219
4236	0.369219
4237	0.369219
4238	0.369219
4239	0.369219
4240	0.369219
4241	0.369219
4242	0.369219
4243	0.369219
4244	0.369219
4245	0.369219
4246	0.369219
4247	0.369219
4248	0.369219
4249	0.369219
4250	0.369219
4251	0.369219
4252	0.369219
4253	0.369219
4254	0.369219
4255	0.369219
4256	0.369219
4257	0.369219
4258	0.369219
4259	0.369219
4260	0.369219
4261	0.369219
4262	0.369219
4263	0.369219
4264	0.369219
4265	0.369219
4266	0.369219
4267	0.369219
4268	0.369219
4269	0.369219
4270	0.369219
4271	0.369219
4272	0.369219
4273	0.369219
4274	0.369219
4275	0.369219
4276	0.369219
4277	0.369219
4278	0.369219
4279	0.369219
4280	0.369219
4281	0.369219
4282	0.369219
4283	0.369219
4284	0.369219
4285	0.369219
4286	0.369219
4287	0.369219
4288	0.369219
4289	0.369219
4290	0.369219
4291	0.369219
4292	0.369219
4293	0.369219
4294	0.369219
4295	0.369219
4296	0.369219
4297	0.369219
4298	0.369219
4299	0.369219
4300	0.369219
4301	0.369219
4302	0.369219
4303	0.369219
4304	0.369219
4305	0.369219
4306	0.369219
4307	0.369219
4308	0.369219
4309	0.369219
4310	0.369219
4311	0.369219
4312	0.369219
4313	0.369219
4314	0.369219
4315	0.369219
4316	0.369219
4317	0.369219
4318	0.369219
4319	0.369219
4320	0.369219
4321	0.369219
4322	0.369219
4323	0.369219
4324	0.369219
4325	0.369219
4326	0.369219
4327	0.369219
4328	0.369219
4329	0.369219
4330	0.369219
4331	0.369219
4332	0.369219
4333	0.369219
4334	0.369219
4335	0.369219
4336	0.369219
4337	0.369219
4338	0.369219
4339	0.369219
4340	0.369219
4341	0.369219
4342	0.369219
4343	0.369219
4344	0.369219
4345	0.369219
4346	0.369219
4347	0.369219
4348	0.369219
4349	0.369219
4350	0.369219
4351	0.369219
4352	0.369219
4353	0.369219
4354	0.369219
4355	0.369219
4356	0.369219
4357	0.369219
4358	0.369219
4359	0.369219
4360	0.369219
4361	0.369219
4362	0.369219
4363	0.369219
4364	0.369219
4365	0.369219
4366	0.369219
4367	0.369219
4368	0.369219
4369	0.369219
4370	0.369219
4371	0.369219
4372	0.369219
4373	0.369219
4374	0.369219
4375	0.369219
4376	0.369219
4377	0.369219
4378	0.369219
4379	0.369219
4380	0.369219
4381	0.369219
4382	0.369219
4383	0.369219
4384	0.369219
4385	0.369219
4386	0.369219
4387	0.369219
4388	0.369219
4389	0.369219
4390	0.369219
4391	0.369219
4392	0.369219
4393	0.369219
4394	0.369219
4395	0.369219
4396	0.369219
4397	0.369219
4398	0.369219
4399	0.369219
4400	0.369219
4401	0.369219
4402	0.369219
4403	0.369219
4404	0.369219
4405	0.369219
4406	0.369219
4407	0.369219
4408	0.369219
4409	0.369219
4410	0.369219
4411	0.369219
4412	0.369219
4413	0.369219
4414	0.369219
4415	0.369219
4416	0.369219
4417	0.369219
4418	0.369219
4419	0.369219
4420	0.369219
4421	0.369219
4422	0.369219
4423	0.369219
4424	0.369219
4425	0.369219
4426	0.369219
4427	0.369219
4428	0.369219
4429	0.369219
4430	0.369219
4431	0.369219
4432	0.369219
4433	0.369219
4434	0.369219
4435	0.369219
4436	0.369219
4437	0.369219
4438	0.369219
4439	0.369219
4440	0.369219
4441	0.369219
4442	0.369219
4443	0.369219
4444	0.369219
4445	0.369219
4446	0.369219
4447	0.369219
4448	0.369219
4449	0.369219
4450	0.369219
4451	0.369219
4452	0.369219
4453	0.369219
4454	0.369219
4455	0.369219
4456	0.369219
4457	0.369219
4458	0.369219
4459	0.369219
4460	0.369219
4461	0.369219
4462	0.369219
4463	0.369219
4464	0.369219
4465	0.369219
4466	0.369219
4467	0.369219
4468	0.369219
4469	0.369219
4470	0.369219
4471	0.369219
4472	0.369219
4473	0.369219
4474	0.369219
4475	0.369219
4476	0.369219
4477	0.369219
4478	0.369219
4479	0.369219
4480	0.369219
4481	0.369219
4482	0.369219
4483	0.369219
4484	0.369219
4485	0.369219
4486	0.369219
4487	0.369219
4488	0.369219
4489	0.369219
4490	0.369219
4491	0.369219
4492	0.369219
4493	0.369219
4494	0.369219
4495	0.369219
4496	0.369219
4497	0.369219
4498	0.369219
4499	0.369219
4500	0.369219
4501	0.369219
4502	0.369219
4503	0.369219
4504	0.369219
4505	0.369219
4506	0.369219
4507	0.369219
4508	0.369219
4509	0.369219
4510	0.369219
4511	0.369219
4512	0.369219
4513	0.369219
4514	0.369219
4515	0.369219
4516	0.369219
4517	0.369219
4518	0.369219
4519	0.369219
4520	0.369219
4521	0.369219
4522	0.369219
4523	0.369219
4524	0.369219
4525	0.369219
4526	0.369219
4527	0.369219
4528	0.369219
4529	0.369219
4530	0.369219
4531	0.369219
4532	0.369219
4533	0.369219
4534	0.369219
4535	0.369219
4536	0.369219
4537	0.369219
4538	0.369219
4539	0.369219
4540	0.369219
4541	0.369219
4542	0.369219
4543	0.369219
4544	0.369219
4545	0.369219
4546	0.369219
4547	0.369219
4548	0.369219
4549	0.369219
4550	0.369219
4551	0.369219
4552	0.369219
4553	0.369219
4554	0.369219
4555	0.369219
4556	0.369219
4557	0.369219
4558	0.369219
4559	0.369219
4560	0.369219
4561	0.369219
4562	0.369219
4563	0.369219
4564	0.369219
4565	0.369219
4566	0.369219
4567	0.369219
4568	0.369219
4569	0.369219
4570	0.369219
4571	0.369219
4572	0.369219
4573	0.369219
4574	0.369219
4575	0.369219
4576	0.369219
4577	0.369219
4578	0.369219
4579	0.369219
4580	0.369219
4581	0.369219
4582	0.369219
4583	0.369219
4584	0.369219
4585	0.369219
4586	0.369219
4587	0.369219
4588	0.369219
4589	0.369219
4590	0.369219
4591	0.369219
4592	0.369219
4593	0.369219
4594	0.369219
4595	0.369219
4596	0.369219
4597	0.369219
4598	0.369219
4599	0.369219
4600	0.369219
4601	0.369219
4602	0.369219
4603	0.369219
4604	0.369219
4605	0.369219
4606	0.369219
4607	0.369219
4608	0.369219
4609	0.369219
4610	0.369219
4611	0.369219
4612	0.369219
4613	0.369219
4614	0.369219
4615	0.369219
4616	0.369219
4617	0.369219
4618	0.369219
4619	0.369219
4620	0.369219
4621	0.369219
4622	0.369219
4623	0.369219
4624	0.369219
4625	0.369219
4626	0.369219
4627	0.369219
4628	0.369219
4629	0.369219
4630	0.369219
4631	0.369219
4632	0.369219
4633	0.369219
4634	0.369219
4635	0.369219
4636	0.369219
4637	0.369219
4638	0.369219
4639	0.369219
4640	0.369219
4641	0.369219
4642	0.369219
4643	0.369219
4644	0.369219
4645	0.369219
4646	0.369219
4647	0.369219
4648	0.369219
4649	0.369219
4650	0.369219
4651	0.369219
4652	0.369219
4653	0.369219
4654	0.369219
4655	0.369219
4656	0.369219
4657	0.369219
4658	0.369219
4659	0.369219
4660	0.369219
4661	0.369219
4662	0.369219
4663	0.369219
4664	0.369219
4665	0.369219
4666	0.369219
4667	0.369219
4668	0.369219
4669	0.369219
4670	0.369219
4671	0.369219
4672	0.369219
4673	0.369219
4674	0.369219
4675	0.369219
4676	0.369219
4677	0.369219
4678	0.369219
4679	0.369219
4680	0.369219
4681	0.369219
4682	0.369219
4683	0.369219
4684	0.369219
4685	0.369219
4686	0.369219
4687	0.369219
4688	0.369219
4689	0.369219
4690	0.369219
4691	0.369219
4692	0.369219
4693	0.369219
4694	0.369219
4695	0.369219
4696	0.369219
4697	0.369219
4698	0.369219
4699	0.369219
4700	0.369219
4701	0.369219
4702	0.369219
4703	0.369219
4704	0.369219
4705	0.369219
4706	0.369219
4707	0.369219
4708	0.369219
4709	0.369219
4710	0.369219
4711	0.369219
4712	0.369219
4713	0.369219
4714	0.369219
4715	0.369219
4716	0.369219
4717	0.369219
4718	0.369219
4719	0.369219
4720	0.369219
4721	0.369219
4722	0.369219
4723	0.369219
4724	0.369219
4725	0.369219
4726	0.369219
4727	0.369219
4728	0.369219
4729	0.369219
4730	0.369219
4731	0.369219
4732	0.369219
4733	0.369219
4734	0.369219
4735	0.369219
4736	0.369219
4737	0.369219
4738	0.369219
4739	0.369219
4740	0.369219
4741	0.369219
4742	0.369219
4743	0.369219
4744	0.369219
4745	0.369219
4746	0.369219
4747	0.369219
4748	0.369219
4749	0.369219
4750	0.369219
4751	0.369219
4752	0.369219
4753	0.369219
4754	0.369219
4755	0.369219
4756	0.369219
4757	0.369219
4758	0.369219
4759	0.369219
4760	0.369219
4761	0.369219
4762	0.369219
4763	0.369219
4764	0.369219
4765	0.369219
4766	0.369219
4767	0.369219
4768	0.369219
4769	0.369219
4770	0.369219
4771	0.369219
4772	0.369219
4773	0.369219
4774	0.369219
4775	0.369219
4776	0.369219
4777	0.369219
4778	0.369219
4779	0.369219
4780	0.369219
4781	0.369219
4782	0.369219
4783	0.369219
4784	0.369219
4785	0.369219
4786	0.369219
4787	0.369219
4788	0.369219
4789	0.369219
4790	0.369219
4791	0.369219
4792	0.369219
4793	0.369219
4794	0.369219
4795	0.369219
4796	0.369219
4797	0.369219
4798	0.369219
4799	0.369219
4800	0.369219
4801	0.369219
4802	0.369219
4803	0.369219
4804	0.369219
4805	0.369219
4806	0.369219
4807	0.369219
4808	0.369219
4809	0.369219
4810	0.369219
4811	0.369219
4812	0.369219
4813	0.369219
4814	0.369219
4815	0.369219
4816	0.369219
4817	0.369219
4818	0.369219
4819	0.369219
4820	0.369219
4821	0.369219
4822	0.369219
4823	0.369219
4824	0.369219
4825	0.369219
4826	0.369219
4827	0.369219
4828	0.369219
4829	0.369219
4830	0.369219
4831	0.369219
4832	0.369219
4833	0.369219
4834	0.369219
4835	0.369219
4836	0.369219
4837	0.369219
4838	0.369219
4839	0.369219
4840	0.369219
4841	0.369219
4842	0.369219
4843	0.369219
4844	0.369219
4845	0.369219
4846	0.369219
4847	0.369219
4848	0.369219
4849	0.369219
4850	0.369219
4851	0.369219
4852	0.369219
4853	0.369219
4854	0.369219
4855	0.369219
4856	0.369219
4857	0.369219
4858	0.369219
4859	0.369219
4860	0.369219
4861	0.369219
4862	0.369219
4863	0.369219
4864	0.369219
4865	0.369219
4866	0.369219
4867	0.369219
4868	0.369219
4869	0.369219
4870	0.369219
4871	0.369219
4872	0.369219
4873	0.369219
4874	0.369219
4875	0.369219
4876	0.369219
4877	0.369219
4878	0.369219
4879	0.369219
4880	0.369219
4881	0.369219
4882	0.369219
4883	0.369219
4884	0.369219
4885	0.369219
4886	0.369219
4887	0.369219
4888	0.369219
4889	0.369219
4890	0.369219
4891	0.369219
4892	0.369219
4893	0.369219
4894	0.369219
4895	0.369219
4896	0.369219
4897	0.369219
4898	0.369219
4899	0.369219
4900	0.369219
4901	0.369219
4902	0.369219
4903	0.369219
4904	0.369219
4905	0.369219
4906	0.369219
4907	0.369219
4908	0.369219
4909	0.369219
4910	0.369219
4911	0.369219
4912	0.369219
4913	0.369219
4914	0.369219
4915	0.369219
4916	0.369219
4917	0.369219
4918	0.369219
4919	0.369219
4920	0.369219
4921	0.369219
4922	0.369219
4923	0.369219
4924	0.369219
4925	0.369219
4926	0.369219
4927	0.369219
4928	0.369219
4929	0.369219
4930	0.369219
4931	0.369219
4932	0.369219
4933	0.369219
4934	0.369219
4935	0.369219
4936	0.369219
4937	0.369219
4938	0.369219
4939	0.369219
4940	0.369219
4941	0.369219
4942	0.369219
4943	0.369219
4944	0.369219
4945	0.369219
4946	0.369219
4947	0.369219
4948	0.369219
4949	0.369219
4950	0.369219
4951	0.369219
4952	0.369219
4953	0.369219
4954	0.369219
4955	0.369219
4956	0.369219
4957	0.369219
4958	0.369219
4959	0.369219
4960	0.369219
4961	0.369219
4962	0.369219
4963	0.369219
4964	0.369219
4965	0.369219
4966	0.369219
4967	0.369219
4968	0.369219
4969	0.369219
4970	0.369219
4971	0.369219
4972	0.369219
4973	0.369219
4974	0.369219
4975	0.369219
4976	0.369219
4977	0.369219
4978	0.369219
4979	0.369219
4980	0.369219
4981	0.369219
4982	0.369219
4983	0.369219
4984	0.369219
4985	0.369219
4986	0.369219
4987	0.369219
4988	0.369219
4989	0.369219
4990	0.369219
4991	0.369219
4992	0.369219
4993	0.369219
4994	0.369219
4995	0.369219
4996	0.369219
4997	0.369219
4998	0.369219
4999	0.369219
