0	0.001844
1	0.003679
2	0.005504
3	0.007320
4	0.009128
5	0.010926
6	0.012715
7	0.014496
8	0.016267
9	0.018030
10	0.019784
11	0.021529
12	0.023265
13	0.024993
14	0.026712
15	0.028422
16	0.030124
17	0.031818
18	0.033503
19	0.035179
20	0.036847
21	0.038507
22	0.040159
23	0.041802
24	0.043437
25	0.045064
26	0.046683
27	0.048294
28	0.049897
29	0.051491
30	0.053078
31	0.054657
32	0.056228
33	0.057791
34	0.059346
35	0.060894
36	0.062433
37	0.063965
38	0.065490
39	0.067007
40	0.068516
41	0.070018
42	0.071512
43	0.072998
44	0.074478
45	0.075950
46	0.077414
47	0.078872
48	0.080322
49	0.081764
50	0.083200
51	0.084628
52	0.086049
53	0.087464
54	0.088871
55	0.090271
56	0.091664
57	0.093050
58	0.094429
59	0.095801
60	0.097167
61	0.098525
62	0.099877
63	0.101222
64	0.102561
65	0.103892
66	0.105217
67	0.106536
68	0.107848
69	0.109153
70	0.110452
71	0.111744
72	0.113030
73	0.114309
74	0.115582
75	0.116849
76	0.118109
77	0.119363
78	0.120611
79	0.121853
80	0.123088
81	0.124317
82	0.125540
83	0.126757
84	0.127968
85	0.129173
86	0.130371
87	0.131564
88	0.132751
89	0.133932
90	0.135107
91	0.136276
92	0.137439
93	0.138597
94	0.139749
95	0.140895
96	0.142035
97	0.143169
98	0.144298
99	0.145422
100	0.146539
101	0.147651
102	0.148758
103	0.149859
104	0.150954
105	0.152044
106	0.153129
107	0.154208
108	0.155282
109	0.156350
110	0.157413
111	0.158471
112	0.159523
113	0.160571
114	0.161612
115	0.162649
116	0.163681
117	0.164707
118	0.165729
119	0.166745
120	0.167756
121	0.168762
122	0.169763
123	0.170759
124	0.171750
125	0.172736
126	0.173718
127	0.174694
128	0.175665
129	0.176632
130	0.177594
131	0.178551
132	0.179503
133	0.180450
134	0.181393
135	0.182331
136	0.183264
137	0.184193
138	0.185117
139	0.186036
140	0.186951
141	0.187862
142	0.188767
143	0.189668
144	0.190565
145	0.191457
146	0.192345
147	0.193228
148	0.194107
149	0.194982
150	0.195852
151	0.196718
152	0.197579
153	0.198436
154	0.199289
155	0.200138
156	0.200982
157	0.201822
158	0.202658
159	0.203490
160	0.204318
161	0.205141
162	0.205960
163	0.206776
164	0.207587
165	0.208394
166	0.209197
167	0.209996
168	0.210792
169	0.211583
170	0.212370
171	0.213153
172	0.213933
173	0.214708
174	0.215480
175	0.216248
176	0.217012
177	0.217772
178	0.218528
179	0.219280
180	0.220029
181	0.220774
182	0.221516
183	0.222253
184	0.222987
185	0.223717
186	0.224444
187	0.225167
188	0.225886
189	0.226602
190	0.227314
191	0.228023
192	0.228728
193	0.229430
194	0.230128
195	0.230823
196	0.231514
197	0.232201
198	0.232886
199	0.233566
200	0.234244
201	0.234918
202	0.235589
203	0.236256
204	0.236920
205	0.237581
206	0.238238
207	0.238892
208	0.239543
209	0.240191
210	0.240835
211	0.241476
212	0.242114
213	0.242749
214	0.243380
215	0.244009
216	0.244634
217	0.245256
218	0.245875
219	0.246491
220	0.247104
221	0.247714
222	0.248321
223	0.248925
224	0.249525
225	0.250123
226	0.250718
227	0.251310
228	0.251898
229	0.252484
230	0.253067
231	0.253647
232	0.254224
233	0.254799
234	0.255370
235	0.255939
236	0.256504
237	0.257067
238	0.257627
239	0.258185
240	0.258739
241	0.259291
242	0.259840
243	0.260386
244	0.260930
245	0.261470
246	0.262008
247	0.262544
248	0.263077
249	0.263607
250	0.264134
251	0.264659
252	0.265181
253	0.265701
254	0.266217
255	0.266732
256	0.267244
257	0.267753
258	0.268260
259	0.268764
260	0.269265
261	0.269765
262	0.270261
263	0.270755
264	0.271247
265	0.271736
266	0.272223
267	0.272708
268	0.273190
269	0.273669
270	0.274146
271	0.274621
272	0.275094
273	0.275564
274	0.276031
275	0.276497
276	0.276960
277	0.277420
278	0.277879
279	0.278335
280	0.278789
281	0.279240
282	0.279690
283	0.280137
284	0.280582
285	0.281024
286	0.281465
287	0.281903
288	0.282339
289	0.282773
290	0.283205
291	0.283634
292	0.284062
293	0.284487
294	0.284910
295	0.285331
296	0.285750
297	0.286167
298	0.286582
299	0.286994
300	0.287405
301	0.287813
302	0.288220
303	0.288625
304	0.289027
305	0.289427
306	0.289826
307	0.290222
308	0.290617
309	0.291009
310	0.291400
311	0.291789
312	0.292175
313	0.292560
314	0.292943
315	0.293324
316	0.293703
317	0.294080
318	0.294455
319	0.294829
320	0.295200
321	0.295570
322	0.295937
323	0.296303
324	0.296668
325	0.297030
326	0.297390
327	0.297749
328	0.298106
329	0.298461
330	0.298814
331	0.299166
332	0.299516
333	0.299864
334	0.300210
335	0.300555
336	0.300898
337	0.301239
338	0.301579
339	0.301916
340	0.302252
341	0.302587
342	0.302920
343	0.303251
344	0.303580
345	0.303908
346	0.304234
347	0.304559
348	0.304881
349	0.305203
350	0.305522
351	0.305841
352	0.306157
353	0.306472
354	0.306785
355	0.307097
356	0.307407
357	0.307716
358	0.308023
359	0.308329
360	0.308633
361	0.308935
362	0.309236
363	0.309536
364	0.309834
365	0.310131
366	0.310426
367	0.310719
368	0.311011
369	0.311302
370	0.311591
371	0.311879
372	0.312165
373	0.312450
374	0.312734
375	0.313016
376	0.313297
377	0.313576
378	0.313854
379	0.314130
380	0.314405
381	0.314679
382	0.314951
383	0.315222
384	0.315492
385	0.315760
386	0.316027
387	0.316293
388	0.316557
389	0.316820
390	0.317082
391	0.317342
392	0.317601
393	0.317859
394	0.318116
395	0.318371
396	0.318625
397	0.318877
398	0.319129
399	0.319379
400	0.319628
401	0.319876
402	0.320122
403	0.320367
404	0.320611
405	0.320854
406	0.321095
407	0.321336
408	0.321575
409	0.321813
410	0.322049
411	0.322285
412	0.322519
413	0.322753
414	0.322985
415	0.323216
416	0.323445
417	0.323674
418	0.323901
419	0.324128
420	0.324353
421	0.324577
422	0.324800
423	0.325022
424	0.325242
425	0.325462
426	0.325680
427	0.325898
428	0.326114
429	0.326329
430	0.326544
431	0.326757
432	0.326969
433	0.327180
434	0.327390
435	0.327599
436	0.327806
437	0.328013
438	0.328219
439	0.328424
440	0.328628
441	0.328830
442	0.329032
443	0.329233
444	0.329432
445	0.329631
446	0.329829
447	0.330025
448	0.330221
449	0.330416
450	0.330610
451	0.330802
452	0.330994
453	0.331185
454	0.331375
455	0.331564
456	0.331752
457	0.331939
458	0.332125
459	0.332311
460	0.332495
461	0.332678
462	0.332861
463	0.333042
464	0.333223
465	0.333403
466	0.333582
467	0.333760
468	0.333937
469	0.334113
470	0.334288
471	0.334463
472	0.334636
473	0.334809
474	0.334981
475	0.335152
476	0.335322
477	0.335491
478	0.335660
479	0.335827
480	0.335994
481	0.336160
482	0.336325
483	0.336489
484	0.336653
485	0.336815
486	0.336977
487	0.337138
488	0.337298
489	0.337458
490	0.337616
491	0.337774
492	0.337931
493	0.338087
494	0.338243
495	0.338398
496	0.338551
497	0.338705
498	0.338857
499	0.339009
500	0.339160
501	0.339310
502	0.339459
503	0.339608
504	0.339755
505	0.339903
506	0.340049
507	0.340195
508	0.340340
509	0.340484
510	0.340627
511	0.340770
512	0.340912
513	0.341054
514	0.341194
515	0.341334
516	0.341473
517	0.341612
518	0.341750
519	0.341887
520	0.342023
521	0.342159
522	0.342294
523	0.342429
524	0.342563
525	0.342696
526	0.342828
527	0.342960
528	0.343091
529	0.343222
530	0.343351
531	0.343481
532	0.343609
533	0.343737
534	0.343864
535	0.343991
536	0.344117
537	0.344242
538	0.344367
539	0.344491
540	0.344615
541	0.344737
542	0.344860
543	0.344981
544	0.345102
545	0.345223
546	0.345343
547	0.345462
548	0.345581
549	0.345699
550	0.345816
551	0.345933
552	0.346049
553	0.346165
554	0.346280
555	0.346395
556	0.346509
557	0.346622
558	0.346735
559	0.346847
560	0.346959
561	0.347070
562	0.347181
563	0.347291
564	0.347400
565	0.347509
566	0.347618
567	0.347725
568	0.347833
569	0.347940
570	0.348046
571	0.348152
572	0.348257
573	0.348361
574	0.348466
575	0.348569
576	0.348672
577	0.348775
578	0.348877
579	0.348979
580	0.349080
581	0.349180
582	0.349280
583	0.349380
584	0.349479
585	0.349578
586	0.349676
587	0.349773
588	0.349870
589	0.349967
590	0.350063
591	0.350159
592	0.350254
593	0.350349
594	0.350443
595	0.350537
596	0.350630
597	0.350723
598	0.350815
599	0.350907
600	0.350998
601	0.351089
602	0.351180
603	0.351270
604	0.351360
605	0.351449
606	0.351538
607	0.351626
608	0.351714
609	0.351801
610	0.351888
611	0.351975
612	0.352061
613	0.352147
614	0.352232
615	0.352317
616	0.352401
617	0.352485
618	0.352569
619	0.352652
620	0.352734
621	0.352817
622	0.352899
623	0.352980
624	0.353061
625	0.353142
626	0.353222
627	0.353302
628	0.353382
629	0.353461
630	0.353539
631	0.353618
632	0.353696
633	0.353773
634	0.353850
635	0.353927
636	0.354003
637	0.354079
638	0.354155
639	0.354230
640	0.354305
641	0.354380
642	0.354454
643	0.354527
644	0.354601
645	0.354674
646	0.354746
647	0.354819
648	0.354891
649	0.354962
650	0.355033
651	0.355104
652	0.355175
653	0.355245
654	0.355315
655	0.355384
656	0.355453
657	0.355522
658	0.355590
659	0.355658
660	0.355726
661	0.355793
662	0.355860
663	0.355927
664	0.355993
665	0.356060
666	0.356125
667	0.356191
668	0.356256
669	0.356320
670	0.356385
671	0.356449
672	0.356513
673	0.356576
674	0.356639
675	0.356702
676	0.356765
677	0.356827
678	0.356889
679	0.356950
680	0.357012
681	0.357072
682	0.357133
683	0.357193
684	0.357254
685	0.357313
686	0.357373
687	0.357432
688	0.357491
689	0.357549
690	0.357608
691	0.357666
692	0.357723
693	0.357781
694	0.357838
695	0.357895
696	0.357951
697	0.358007
698	0.358063
699	0.358119
700	0.358175
701	0.358230
702	0.358285
703	0.358339
704	0.358394
705	0.358448
706	0.358501
707	0.358555
708	0.358608
709	0.358661
710	0.358714
711	0.358766
712	0.358819
713	0.358870
714	0.358922
715	0.358974
716	0.359025
717	0.359076
718	0.359126
719	0.359177
720	0.359227
721	0.359277
722	0.359326
723	0.359376
724	0.359425
725	0.359474
726	0.359523
727	0.359571
728	0.359619
729	0.359667
730	0.359715
731	0.359762
732	0.359809
733	0.359856
734	0.359903
735	0.359950
736	0.359996
737	0.360042
738	0.360088
739	0.360133
740	0.360179
741	0.360224
742	0.360269
743	0.360314
744	0.360358
745	0.360402
746	0.360446
747	0.360490
748	0.360534
749	0.360577
750	0.360620
751	0.360663
752	0.360706
753	0.360748
754	0.360791
755	0.360833
756	0.360875
757	0.360916
758	0.360958
759	0.360999
760	0.361040
761	0.361081
762	0.361122
763	0.361162
764	0.361202
765	0.361242
766	0.361282
767	0.361322
768	0.361361
769	0.361400
770	0.361440
771	0.361478
772	0.361517
773	0.361555
774	0.361594
775	0.361632
776	0.361670
777	0.361707
778	0.361745
779	0.361782
780	0.361819
781	0.361856
782	0.361893
783	0.361930
784	0.361966
785	0.362002
786	0.362038
787	0.362074
788	0.362110
789	0.362145
790	0.362181
791	0.362216
792	0.362251
793	0.362286
794	0.362320
795	0.362355
796	0.362389
797	0.362423
798	0.362457
799	0.362491
800	0.362524
801	0.362558
802	0.362591
803	0.362624
804	0.362657
805	0.362690
806	0.362722
807	0.362755
808	0.362787
809	0.362819
810	0.362851
811	0.362883
812	0.362915
813	0.362946
814	0.362978
815	0.363009
816	0.363040
817	0.363071
818	0.363101
819	0.363132
820	0.363162
821	0.363192
822	0.363223
823	0.363252
824	0.363282
825	0.363312
826	0.363341
827	0.363371
828	0.363400
829	0.363429
830	0.363458
831	0.363487
832	0.363515
833	0.363544
834	0.363572
835	0.363600
836	0.363628
837	0.363656
838	0.363684
839	0.363712
840	0.363739
841	0.363767
842	0.363794
843	0.363821
844	0.363848
845	0.363875
846	0.363901
847	0.363928
848	0.363954
849	0.363981
850	0.364007
851	0.364033
852	0.364059
853	0.364085
854	0.364110
855	0.364136
856	0.364161
857	0.364186
858	0.364211
859	0.364236
860	0.364261
861	0.364286
862	0.364311
863	0.364335
864	0.364360
865	0.364384
866	0.364408
867	0.364432
868	0.364456
869	0.364480
870	0.364503
871	0.364527
872	0.364550
873	0.364574
874	0.364597
875	0.364620
876	0.364643
877	0.364666
878	0.364689
879	0.364711
880	0.364734
881	0.364756
882	0.364778
883	0.364801
884	0.364823
885	0.364845
886	0.364866
887	0.364888
888	0.364910
889	0.364931
890	0.364953
891	0.364974
892	0.364995
893	0.365016
894	0.365037
895	0.365058
896	0.365079
897	0.365100
898	0.365120
899	0.365141
900	0.365161
901	0.365181
902	0.365201
903	0.365221
904	0.365241
905	0.365261
906	0.365281
907	0.365301
908	0.365320
909	0.365340
910	0.365359
911	0.365378
912	0.365398
913	0.365417
914	0.365436
915	0.365455
916	0.365473
917	0.365492
918	0.365511
919	0.365529
920	0.365548
921	0.365566
922	0.365584
923	0.365602
924	0.365620
925	0.365638
926	0.365656
927	0.365674
928	0.365692
929	0.365709
930	0.365727
931	0.365744
932	0.365762
933	0.365779
934	0.365796
935	0.365813
936	0.365830
937	0.365847
938	0.365864
939	0.365881
940	0.365897
941	0.365914
942	0.365930
943	0.365947
944	0.365963
945	0.365980
946	0.365996
947	0.366012
948	0.366028
949	0.366044
950	0.366060
951	0.366075
952	0.366091
953	0.366107
954	0.366122
955	0.366138
956	0.366153
957	0.366168
958	0.366184
959	0.366199
960	0.366214
961	0.366229
962	0.366244
963	0.366259
964	0.366273
965	0.366288
966	0.366303
967	0.366317
968	0.366332
969	0.366346
970	0.366361
971	0.366375
972	0.366389
973	0.366403
974	0.366417
975	0.366431
976	0.366445
977	0.366459
978	0.366473
979	0.366487
980	0.366500
981	0.366514
982	0.366527
983	0.366541
984	0.366554
985	0.366567
986	0.366581
987	0.366594
988	0.366607
989	0.366620
990	0.366633
991	0.366646
992	0.366659
993	0.366671
994	0.366684
995	0.366697
996	0.366709
997	0.366722
998	0.366734
999	0.366747
1000	0.366759
1001	0.366771
1002	0.366784
1003	0.366796
1004	0.366808
1005	0.366820
1006	0.366832
1007	0.366844
1008	0.366856
1009	0.366868
1010	0.366879
1011	0.366891
1012	0.366903
1013	0.366914
1014	0.366926
1015	0.366937
1016	0.366949
1017	0.366960
1018	0.366971
1019	0.366982
1020	0.366994
1021	0.367005
1022	0.367016
1023	0.367027
1024	0.367038
1025	0.367049
1026	0.367059
1027	0.367070
1028	0.367081
1029	0.367092
1030	0.367102
1031	0.367113
1032	0.367123
1033	0.367134
1034	0.367144
1035	0.367155
1036	0.367165
1037	0.367175
1038	0.367185
1039	0.367195
1040	0.367206
1041	0.367216
1042	0.367226
1043	0.367236
1044	0.367245
1045	0.367255
1046	0.367265
1047	0.367275
1048	0.367285
1049	0.367294
1050	0.367304
1051	0.367313
1052	0.367323
1053	0.367332
1054	0.367342
1055	0.367351
1056	0.367361
1057	0.367370
1058	0.367379
1059	0.367388
1060	0.367397
1061	0.367406
1062	0.367416
1063	0.367425
1064	0.367433
1065	0.367442
1066	0.367451
1067	0.367460
1068	0.367469
1069	0.367478
1070	0.367486
1071	0.367495
1072	0.367504
1073	0.367512
1074	0.367521
1075	0.367529
1076	0.367538
1077	0.367546
1078	0.367554
1079	0.367563
1080	0.367571
1081	0.367579
1082	0.367587
1083	0.367595
1084	0.367604
1085	0.367612
1086	0.367620
1087	0.367628
1088	0.367636
1089	0.367644
1090	0.367651
1091	0.367659
1092	0.367667
1093	0.367675
1094	0.367682
1095	0.367690
1096	0.367698
1097	0.367705
1098	0.367713
1099	0.367720
1100	0.367728
1101	0.367735
1102	0.367743
1103	0.367750
1104	0.367757
1105	0.367765
1106	0.367772
1107	0.367779
1108	0.367786
1109	0.367794
1110	0.367801
1111	0.367808
1112	0.367815
1113	0.367822
1114	0.367829
1115	0.367836
1116	0.367843
1117	0.367850
1118	0.367856
1119	0.367863
1120	0.367870
1121	0.367877
1122	0.367883
1123	0.367890
1124	0.367897
1125	0.367903
1126	0.367910
1127	0.367916
1128	0.367923
1129	0.367929
1130	0.367936
1131	0.367942
1132	0.367949
1133	0.367955
1134	0.367961
1135	0.367968
1136	0.367974
1137	0.367980
1138	0.367986
1139	0.367992
1140	0.367998
1141	0.368005
1142	0.368011
1143	0.368017
1144	0.368023
1145	0.368029
1146	0.368035
1147	0.368041
1148	0.368046
1149	0.368052
1150	0.368058
1151	0.368064
1152	0.368070
1153	0.368075
1154	0.368081
1155	0.368087
1156	0.368092
1157	0.368098
1158	0.368104
1159	0.368109
1160	0.368115
1161	0.368120
1162	0.368126
1163	0.368131
1164	0.368137
1165	0.368142
1166	0.368147
1167	0.368153
1168	0.368158
1169	0.368163
1170	0.368169
1171	0.368174
1172	0.368179
1173	0.368184
1174	0.368189
1175	0.368195
1176	0.368200
1177	0.368205
1178	0.368210
1179	0.368215
1180	0.368220
1181	0.368225
1182	0.368230
1183	0.368235
1184	0.368240
1185	0.368245
1186	0.368250
1187	0.368254
1188	0.368259
1189	0.368264
1190	0.368269
1191	0.368273
1192	0.368278
1193	0.368283
1194	0.368288
1195	0.368292
1196	0.368297
1197	0.368301
1198	0.368306
1199	0.368311
1200	0.368315
1201	0.368320
1202	0.368324
1203	0.368329
1204	0.368333
1205	0.368337
1206	0.368342
1207	0.368346
1208	0.368351
1209	0.368355
1210	0.368359
1211	0.368364
1212	0.368368
1213	0.368372
1214	0.368376
1215	0.368381
1216	0.368385
1217	0.368389
1218	0.368393
1219	0.368397
1220	0.368401
1221	0.368405
1222	0.368409
1223	0.368413
1224	0.368417
1225	0.368421
1226	0.368425
1227	0.368429
1228	0.368433
1229	0.368437
1230	0.368441
1231	0.368445
1232	0.368449
1233	0.368453
1234	0.368457
1235	0.368460
1236	0.368464
1237	0.368468
1238	0.368472
1239	0.368475
1240	0.368479
1241	0.368483
1242	0.368487
1243	0.368490
1244	0.368494
1245	0.368497
1246	0.368501
1247	0.368505
1248	0.368508
1249	0.368512
1250	0.368515
1251	0.368519
1252	0.368522
1253	0.368526
1254	0.368529
1255	0.368533
1256	0.368536
1257	0.368539
1258	0.368543
1259	0.368546
1260	0.368550
1261	0.368553
1262	0.368556
1263	0.368560
1264	0.368563
1265	0.368566
1266	0.368569
1267	0.368573
1268	0.368576
1269	0.368579
1270	0.368582
1271	0.368585
1272	0.368589
1273	0.368592
1274	0.368595
1275	0.368598
1276	0.368601
1277	0.368604
1278	0.368607
1279	0.368610
1280	0.368613
1281	0.368616
1282	0.368619
1283	0.368622
1284	0.368625
1285	0.368628
1286	0.368631
1287	0.368634
1288	0.368637
1289	0.368640
1290	0.368643
1291	0.368646
1292	0.368649
1293	0.368652
1294	0.368654
1295	0.368657
1296	0.368660
1297	0.368663
1298	0.368666
1299	0.368668
1300	0.368671
1301	0.368674
1302	0.368677
1303	0.368679
1304	0.368682
1305	0.368685
1306	0.368687
1307	0.368690
1308	0.368693
1309	0.368695
1310	0.368698
1311	0.368700
1312	0.368703
1313	0.368706
1314	0.368708
1315	0.368711
1316	0.368713
1317	0.368716
1318	0.368718
1319	0.368721
1320	0.368723
1321	0.368726
1322	0.368728
1323	0.368731
1324	0.368733
1325	0.368736
1326	0.368738
1327	0.368740
1328	0.368743
1329	0.368745
1330	0.368747
1331	0.368750
1332	0.368752
1333	0.368754
1334	0.368757
1335	0.368759
1336	0.368761
1337	0.368764
1338	0.368766
1339	0.368768
1340	0.368770
1341	0.368773
1342	0.368775
1343	0.368777
1344	0.368779
1345	0.368782
1346	0.368784
1347	0.368786
1348	0.368788
1349	0.368790
1350	0.368792
1351	0.368794
1352	0.368797
1353	0.368799
1354	0.368801
1355	0.368803
1356	0.368805
1357	0.368807
1358	0.368809
1359	0.368811
1360	0.368813
1361	0.368815
1362	0.368817
1363	0.368819
1364	0.368821
1365	0.368823
1366	0.368825
1367	0.368827
1368	0.368829
1369	0.368831
1370	0.368833
1371	0.368835
1372	0.368837
1373	0.368839
1374	0.368841
1375	0.368843
1376	0.368844
1377	0.368846
1378	0.368848
1379	0.368850
1380	0.368852
1381	0.368854
1382	0.368856
1383	0.368857
1384	0.368859
1385	0.368861
1386	0.368863
1387	0.368864
1388	0.368866
1389	0.368868
1390	0.368870
1391	0.368872
1392	0.368873
1393	0.368875
1394	0.368877
1395	0.368878
1396	0.368880
1397	0.368882
1398	0.368883
1399	0.368885
1400	0.368887
1401	0.368888
1402	0.368890
1403	0.368892
1404	0.368893
1405	0.368895
1406	0.368897
1407	0.368898
1408	0.368900
1409	0.368901
1410	0.368903
1411	0.368905
1412	0.368906
1413	0.368908
1414	0.368909
1415	0.368911
1416	0.368912
1417	0.368914
1418	0.368915
1419	0.368917
1420	0.368918
1421	0.368920
1422	0.368921
1423	0.368923
1424	0.368924
1425	0.368926
1426	0.368927
1427	0.368929
1428	0.368930
1429	0.368932
1430	0.368933
1431	0.368935
1432	0.368936
1433	0.368937
1434	0.368939
1435	0.368940
1436	0.368942
1437	0.368943
1438	0.368944
1439	0.368946
1440	0.368947
1441	0.368948
1442	0.368950
1443	0.368951
1444	0.368952
1445	0.368954
1446	0.368955
1447	0.368956
1448	0.368958
1449	0.368959
1450	0.368960
1451	0.368962
1452	0.368963
1453	0.368964
1454	0.368965
1455	0.368967
1456	0.368968
1457	0.368969
1458	0.368970
1459	0.368972
1460	0.368973
1461	0.368974
1462	0.368975
1463	0.368977
1464	0.368978
1465	0.368979
1466	0.368980
1467	0.368981
1468	0.368983
1469	0.368984
1470	0.368985
1471	0.368986
1472	0.368987
1473	0.368988
1474	0.368990
1475	0.368991
1476	0.368992
1477	0.368993
1478	0.368994
1479	0.368995
1480	0.368996
1481	0.368998
1482	0.368999
1483	0.369000
1484	0.369001
1485	0.369002
1486	0.369003
1487	0.369004
1488	0.369005
1489	0.369006
1490	0.369007
1491	0.369008
1492	0.369009
1493	0.369010
1494	0.369011
1495	0.369012
1496	0.369014
1497	0.369015
1498	0.369016
1499	0.369017
1500	0.369018
1501	0.369019
1502	0.369020
1503	0.369021
1504	0.369022
1505	0.369023
1506	0.369024
1507	0.369025
1508	0.369025
1509	0.369026
1510	0.369027
1511	0.369028
1512	0.369029
1513	0.369030
1514	0.369031
1515	0.369032
1516	0.369033
1517	0.369034
1518	0.369035
1519	0.369036
1520	0.369037
1521	0.369038
1522	0.369039
1523	0.369039
1524	0.369040
1525	0.369041
1526	0.369042
1527	0.369043
1528	0.369044
1529	0.369045
1530	0.369046
1531	0.369047
1532	0.369047
1533	0.369048
1534	0.369049
1535	0.369050
1536	0.369051
1537	0.369052
1538	0.369052
1539	0.369053
1540	0.369054
1541	0.369055
1542	0.369056
1543	0.369057
1544	0.369057
1545	0.369058
1546	0.369059
1547	0.369060
1548	0.369061
1549	0.369061
1550	0.369062
1551	0.369063
1552	0.369064
1553	0.369065
1554	0.369065
1555	0.369066
1556	0.369067
1557	0.369068
1558	0.369068
1559	0.369069
1560	0.369070
1561	0.369071
1562	0.369071
1563	0.369072
1564	0.369073
1565	0.369074
1566	0.369074
1567	0.369075
1568	0.369076
1569	0.369076
1570	0.369077
1571	0.369078
1572	0.369079
1573	0.369079
1574	0.369080
1575	0.369081
1576	0.369081
1577	0.369082
1578	0.369083
1579	0.369083
1580	0.369084
1581	0.369085
1582	0.369085
1583	0.369086
1584	0.369087
1585	0.369087
1586	0.369088
1587	0.369089
1588	0.369089
1589	0.369090
1590	0.369091
1591	0.369091
1592	0.369092
1593	0.369093
1594	0.369093
1595	0.369094
1596	0.369094
1597	0.369095
1598	0.369096
1599	0.369096
1600	0.369097
1601	0.369097
1602	0.369098
1603	0.369099
1604	0.369099
1605	0.369100
1606	0.369100
1607	0.369101
1608	0.369102
1609	0.369102
1610	0.369103
1611	0.369103
1612	0.369104
1613	0.369105
1614	0.369105
1615	0.369106
1616	0.369106
1617	0.369107
1618	0.369107
1619	0.369108
1620	0.369108
1621	0.369109
1622	0.369110
1623	0.369110
1624	0.369111
1625	0.369111
1626	0.369112
1627	0.369112
1628	0.369113
1629	0.369113
1630	0.369114
1631	0.369114
1632	0.369115
1633	0.369115
1634	0.369116
1635	0.369116
1636	0.369117
1637	0.369117
1638	0.369118
1639	0.369119
1640	0.369119
1641	0.369120
1642	0.369120
1643	0.369120
1644	0.369121
1645	0.369121
1646	0.369122
1647	0.369122
1648	0.369123
1649	0.369123
1650	0.369124
1651	0.369124
1652	0.369125
1653	0.369125
1654	0.369126
1655	0.369126
1656	0.369127
1657	0.369127
1658	0.369128
1659	0.369128
1660	0.369129
1661	0.369129
1662	0.369129
1663	0.369130
1664	0.369130
1665	0.369131
1666	0.369131
1667	0.369132
1668	0.369132
1669	0.369133
1670	0.369133
1671	0.369133
1672	0.369134
1673	0.369134
1674	0.369135
1675	0.369135
1676	0.369135
1677	0.369136
1678	0.369136
1679	0.369137
1680	0.369137
1681	0.369138
1682	0.369138
1683	0.369138
1684	0.369139
1685	0.369139
1686	0.369140
1687	0.369140
1688	0.369140
1689	0.369141
1690	0.369141
1691	0.369142
1692	0.369142
1693	0.369142
1694	0.369143
1695	0.369143
1696	0.369143
1697	0.369144
1698	0.369144
1699	0.369145
1700	0.369145
1701	0.369145
1702	0.369146
1703	0.369146
1704	0.369146
1705	0.369147
1706	0.369147
1707	0.369147
1708	0.369148
1709	0.369148
1710	0.369149
1711	0.369149
1712	0.369149
1713	0.369150
1714	0.369150
1715	0.369150
1716	0.369151
1717	0.369151
1718	0.369151
1719	0.369152
1720	0.369152
1721	0.369152
1722	0.369153
1723	0.369153
1724	0.369153
1725	0.369154
1726	0.369154
1727	0.369154
1728	0.369155
1729	0.369155
1730	0.369155
1731	0.369156
1732	0.369156
1733	0.369156
1734	0.369156
1735	0.369157
1736	0.369157
1737	0.369157
1738	0.369158
1739	0.369158
1740	0.369158
1741	0.369159
1742	0.369159
1743	0.369159
1744	0.369160
1745	0.369160
1746	0.369160
1747	0.369160
1748	0.369161
1749	0.369161
1750	0.369161
1751	0.369162
1752	0.369162
1753	0.369162
1754	0.369162
1755	0.369163
1756	0.369163
1757	0.369163
1758	0.369164
1759	0.369164
1760	0.369164
1761	0.369164
1762	0.369165
1763	0.369165
1764	0.369165
1765	0.369165
1766	0.369166
1767	0.369166
1768	0.369166
1769	0.369167
1770	0.369167
1771	0.369167
1772	0.369167
1773	0.369168
1774	0.369168
1775	0.369168
1776	0.369168
1777	0.369169
1778	0.369169
1779	0.369169
1780	0.369169
1781	0.369170
1782	0.369170
1783	0.369170
1784	0.369170
1785	0.369171
1786	0.369171
1787	0.369171
1788	0.369171
1789	0.369172
1790	0.369172
1791	0.369172
1792	0.369172
1793	0.369172
1794	0.369173
1795	0.369173
1796	0.369173
1797	0.369173
1798	0.369174
1799	0.369174
1800	0.369174
1801	0.369174
1802	0.369174
1803	0.369175
1804	0.369175
1805	0.369175
1806	0.369175
1807	0.369176
1808	0.369176
1809	0.369176
1810	0.369176
1811	0.369176
1812	0.369177
1813	0.369177
1814	0.369177
1815	0.369177
1816	0.369177
1817	0.369178
1818	0.369178
1819	0.369178
1820	0.369178
1821	0.369179
1822	0.369179
1823	0.369179
1824	0.369179
1825	0.369179
1826	0.369180
1827	0.369180
1828	0.369180
1829	0.369180
1830	0.369180
1831	0.369180
1832	0.369181
1833	0.369181
1834	0.369181
1835	0.369181
1836	0.369181
1837	0.369182
1838	0.369182
1839	0.369182
1840	0.369182
1841	0.369182
1842	0.369183
1843	0.369183
1844	0.369183
1845	0.369183
1846	0.369183
1847	0.369183
1848	0.369184
1849	0.369184
1850	0.369184
1851	0.369184
1852	0.369184
1853	0.369184
1854	0.369185
1855	0.369185
1856	0.369185
1857	0.369185
1858	0.369185
1859	0.369186
1860	0.369186
1861	0.369186
1862	0.369186
1863	0.369186
1864	0.369186
1865	0.369187
1866	0.369187
1867	0.369187
1868	0.369187
1869	0.369187
1870	0.369187
1871	0.369187
1872	0.369188
1873	0.369188
1874	0.369188
1875	0.369188
1876	0.369188
1877	0.369188
1878	0.369189
1879	0.369189
1880	0.369189
1881	0.369189
1882	0.369189
1883	0.369189
1884	0.369189
1885	0.369190
1886	0.369190
1887	0.369190
1888	0.369190
1889	0.369190
1890	0.369190
1891	0.369190
1892	0.369191
1893	0.369191
1894	0.369191
1895	0.369191
1896	0.369191
1897	0.369191
1898	0.369191
1899	0.369192
1900	0.369192
1901	0.369192
1902	0.369192
1903	0.369192
1904	0.369192
1905	0.369192
1906	0.369193
1907	0.369193
1908	0.369193
1909	0.369193
1910	0.369193
1911	0.369193
1912	0.369193
1913	0.369193
1914	0.369194
1915	0.369194
1916	0.369194
1917	0.369194
1918	0.369194
1919	0.369194
1920	0.369194
1921	0.369194
1922	0.369195
1923	0.369195
1924	0.369195
1925	0.369195
1926	0.369195
1927	0.369195
1928	0.369195
1929	0.369195
1930	0.369195
1931	0.369196
1932	0.369196
1933	0.369196
1934	0.369196
1935	0.369196
1936	0.369196
1937	0.369196
1938	0.369196
1939	0.369197
1940	0.369197
1941	0.369197
1942	0.369197
1943	0.369197
1944	0.369197
1945	0.369197
1946	0.369197
1947	0.369197
1948	0.369198
1949	0.369198
1950	0.369198
1951	0.369198
1952	0.369198
1953	0.369198
1954	0.369198
1955	0.369198
1956	0.369198
1957	0.369198
1958	0.369199
1959	0.369199
1960	0.369199
1961	0.369199
1962	0.369199
1963	0.369199
1964	0.369199
1965	0.369199
1966	0.369199
1967	0.369199
1968	0.369200
1969	0.369200
1970	0.369200
1971	0.369200
1972	0.369200
1973	0.369200
1974	0.369200
1975	0.369200
1976	0.369200
1977	0.369200
1978	0.369200
1979	0.369201
1980	0.369201
1981	0.369201
1982	0.369201
1983	0.369201
1984	0.369201
1985	0.369201
1986	0.369201
1987	0.369201
1988	0.369201
1989	0.369201
1990	0.369202
1991	0.369202
1992	0.369202
1993	0.369202
1994	0.369202
1995	0.369202
1996	0.369202
1997	0.369202
1998	0.369202
1999	0.369202
2000	0.369202
2001	0.369202
2002	0.369203
2003	0.369203
2004	0.369203
2005	0.369203
2006	0.369203
2007	0.369203
2008	0.369203
2009	0.369203
2010	0.369203
2011	0.369203
2012	0.369203
2013	0.369203
2014	0.369204
2015	0.369204
2016	0.369204
2017	0.369204
2018	0.369204
2019	0.369204
2020	0.369204
2021	0.369204
2022	0.369204
2023	0.369204
2024	0.369204
2025	0.369204
2026	0.369204
2027	0.369204
2028	0.369205
2029	0.369205
2030	0.369205
2031	0.369205
2032	0.369205
2033	0.369205
2034	0.369205
2035	0.369205
2036	0.369205
2037	0.369205
2038	0.369205
2039	0.369205
2040	0.369205
2041	0.369205
2042	0.369206
2043	0.369206
2044	0.369206
2045	0.369206
2046	0.369206
2047	0.369206
2048	0.369206
2049	0.369206
2050	0.369206
2051	0.369206
2052	0.369206
2053	0.369206
2054	0.369206
2055	0.369206
2056	0.369206
2057	0.369206
2058	0.369207
2059	0.369207
2060	0.369207
2061	0.369207
2062	0.369207
2063	0.369207
2064	0.369207
2065	0.369207
2066	0.369207
2067	0.369207
2068	0.369207
2069	0.369207
2070	0.369207
2071	0.369207
2072	0.369207
2073	0.369207
2074	0.369208
2075	0.369208
2076	0.369208
2077	0.369208
2078	0.369208
2079	0.369208
2080	0.369208
2081	0.369208
2082	0.369208
2083	0.369208
2084	0.369208
2085	0.369208
2086	0.369208
2087	0.369208
2088	0.369208
2089	0.369208
2090	0.369208
2091	0.369208
2092	0.369208
2093	0.369209
2094	0.369209
2095	0.369209
2096	0.369209
2097	0.369209
2098	0.369209
2099	0.369209
2100	0.369209
2101	0.369209
2102	0.369209
2103	0.369209
2104	0.369209
2105	0.369209
2106	0.369209
2107	0.369209
2108	0.369209
2109	0.369209
2110	0.369209
2111	0.369209
2112	0.369209
2113	0.369210
2114	0.369210
2115	0.369210
2116	0.369210
2117	0.369210
2118	0.369210
2119	0.369210
2120	0.369210
2121	0.369210
2122	0.369210
2123	0.369210
2124	0.369210
2125	0.369210
2126	0.369210
2127	0.369210
2128	0.369210
2129	0.369210
2130	0.369210
2131	0.369210
2132	0.369210
2133	0.369210
2134	0.369210
2135	0.369210
2136	0.369211
2137	0.369211
2138	0.369211
2139	0.369211
2140	0.369211
2141	0.369211
2142	0.369211
2143	0.369211
2144	0.369211
2145	0.369211
2146	0.369211
2147	0.369211
2148	0.369211
2149	0.369211
2150	0.369211
2151	0.369211
2152	0.369211
2153	0.369211
2154	0.369211
2155	0.369211
2156	0.369211
2157	0.369211
2158	0.369211
2159	0.369211
2160	0.369211
2161	0.369212
2162	0.369212
2163	0.369212
2164	0.369212
2165	0.369212
2166	0.369212
2167	0.369212
2168	0.369212
2169	0.369212
2170	0.369212
2171	0.369212
2172	0.369212
2173	0.369212
2174	0.369212
2175	0.369212
2176	0.369212
2177	0.369212
2178	0.369212
2179	0.369212
2180	0.369212
2181	0.369212
2182	0.369212
2183	0.369212
2184	0.369212
2185	0.369212
2186	0.369212
2187	0.369212
2188	0.369212
2189	0.369212
2190	0.369213
2191	0.369213
2192	0.369213
2193	0.369213
2194	0.369213
2195	0.369213
2196	0.369213
2197	0.369213
2198	0.369213
2199	0.369213
2200	0.369213
2201	0.369213
2202	0.369213
2203	0.369213
2204	0.369213
2205	0.369213
2206	0.369213
2207	0.369213
2208	0.369213
2209	0.369213
2210	0.369213
2211	0.369213
2212	0.369213
2213	0.369213
2214	0.369213
2215	0.369213
2216	0.369213
2217	0.369213
2218	0.369213
2219	0.369213
2220	0.369213
2221	0.369213
2222	0.369213
2223	0.369213
2224	0.369214
2225	0.369214
2226	0.369214
2227	0.369214
2228	0.369214
2229	0.369214
2230	0.369214
2231	0.369214
2232	0.369214
2233	0.369214
2234	0.369214
2235	0.369214
2236	0.369214
2237	0.369214
2238	0.369214
2239	0.369214
2240	0.369214
2241	0.369214
2242	0.369214
2243	0.369214
2244	0.369214
2245	0.369214
2246	0.369214
2247	0.369214
2248	0.369214
2249	0.369214
2250	0.369214
2251	0.369214
2252	0.369214
2253	0.369214
2254	0.369214
2255	0.369214
2256	0.369214
2257	0.369214
2258	0.369214
2259	0.369214
2260	0.369214
2261	0.369214
2262	0.369214
2263	0.369214
2264	0.369214
2265	0.369215
2266	0.369215
2267	0.369215
2268	0.369215
2269	0.369215
2270	0.369215
2271	0.369215
2272	0.369215
2273	0.369215
2274	0.369215
2275	0.369215
2276	0.369215
2277	0.369215
2278	0.369215
2279	0.369215
2280	0.369215
2281	0.369215
2282	0.369215
2283	0.369215
2284	0.369215
2285	0.369215
2286	0.369215
2287	0.369215
2288	0.369215
2289	0.369215
2290	0.369215
2291	0.369215
2292	0.369215
2293	0.369215
2294	0.369215
2295	0.369215
2296	0.369215
2297	0.369215
2298	0.369215
2299	0.369215
2300	0.369215
2301	0.369215
2302	0.369215
2303	0.369215
2304	0.369215
2305	0.369215
2306	0.369215
2307	0.369215
2308	0.369215
2309	0.369215
2310	0.369215
2311	0.369215
2312	0.369215
2313	0.369215
2314	0.369215
2315	0.369215
2316	0.369215
2317	0.369216
2318	0.369216
2319	0.369216
2320	0.369216
2321	0.369216
2322	0.369216
2323	0.369216
2324	0.369216
2325	0.369216
2326	0.369216
2327	0.369216
2328	0.369216
2329	0.369216
2330	0.369216
2331	0.369216
2332	0.369216
2333	0.369216
2334	0.369216
2335	0.369216
2336	0.369216
2337	0.369216
2338	0.369216
2339	0.369216
2340	0.369216
2341	0.369216
2342	0.369216
2343	0.369216
2344	0.369216
2345	0.369216
2346	0.369216
2347	0.369216
2348	0.369216
2349	0.369216
2350	0.369216
2351	0.369216
2352	0.369216
2353	0.369216
2354	0.369216
2355	0.369216
2356	0.369216
2357	0.369216
2358	0.369216
2359	0.369216
2360	0.369216
2361	0.369216
2362	0.369216
2363	0.369216
2364	0.369216
2365	0.369216
2366	0.369216
2367	0.369216
2368	0.369216
2369	0.369216
2370	0.369216
2371	0.369216
2372	0.369216
2373	0.369216
2374	0.369216
2375	0.369216
2376	0.369216
2377	0.369216
2378	0.369216
2379	0.369216
2380	0.369216
2381	0.369216
2382	0.369216
2383	0.369216
2384	0.369216
2385	0.369216
2386	0.369216
2387	0.369217
2388	0.369217
2389	0.369217
2390	0.369217
2391	0.369217
2392	0.369217
2393	0.369217
2394	0.369217
2395	0.369217
2396	0.369217
2397	0.369217
2398	0.369217
2399	0.369217
2400	0.369217
2401	0.369217
2402	0.369217
2403	0.369217
2404	0.369217
2405	0.369217
2406	0.369217
2407	0.369217
2408	0.369217
2409	0.369217
2410	0.369217
2411	0.369217
2412	0.369217
2413	0.369217
2414	0.369217
2415	0.369217
2416	0.369217
2417	0.369217
2418	0.369217
2419	0.369217
2420	0.369217
2421	0.369217
2422	0.369217
2423	0.369217
2424	0.369217
2425	0.369217
2426	0.369217
2427	0.369217
2428	0.369217
2429	0.369217
2430	0.369217
2431	0.369217
2432	0.369217
2433	0.369217
2434	0.369217
2435	0.369217
2436	0.369217
2437	0.369217
2438	0.369217
2439	0.369217
2440	0.369217
2441	0.369217
2442	0.369217
2443	0.369217
2444	0.369217
2445	0.369217
2446	0.369217
2447	0.369217
2448	0.369217
2449	0.369217
2450	0.369217
2451	0.369217
2452	0.369217
2453	0.369217
2454	0.369217
2455	0.369217
2456	0.369217
2457	0.369217
2458	0.369217
2459	0.369217
2460	0.369217
2461	0.369217
2462	0.369217
2463	0.369217
2464	0.369217
2465	0.369217
2466	0.369217
2467	0.369217
2468	0.369217
2469	0.369217
2470	0.369217
2471	0.369217
2472	0.369217
2473	0.369217
2474	0.369217
2475	0.369217
2476	0.369217
2477	0.369217
2478	0.369217
2479	0.369217
2480	0.369217
2481	0.369217
2482	0.369217
2483	0.369217
2484	0.369217
2485	0.369217
2486	0.369217
2487	0.369217
2488	0.369217
2489	0.369217
2490	0.369217
2491	0.369217
2492	0.369217
2493	0.369217
2494	0.369217
2495	0.369217
2496	0.369218
2497	0.369218
2498	0.369218
2499	0.369218
2500	0.369218
2501	0.369218
2502	0.369218
2503	0.369218
2504	0.369218
2505	0.369218
2506	0.369218
2507	0.369218
2508	0.369218
2509	0.369218
2510	0.369218
2511	0.369218
2512	0.369218
2513	0.369218
2514	0.369218
2515	0.369218
2516	0.369218
2517	0.369218
2518	0.369218
2519	0.369218
2520	0.369218
2521	0.369218
2522	0.369218
2523	0.369218
2524	0.369218
2525	0.369218
2526	0.369218
2527	0.369218
2528	0.369218
2529	0.369218
2530	0.369218
2531	0.369218
2532	0.369218
2533	0.369218
2534	0.369218
2535	0.369218
2536	0.369218
2537	0.369218
2538	0.369218
2539	0.369218
2540	0.369218
2541	0.369218
2542	0.369218
2543	0.369218
2544	0.369218
2545	0.369218
2546	0.369218
2547	0.369218
2548	0.369218
2549	0.369218
2550	0.369218
2551	0.369218
2552	0.369218
2553	0.369218
2554	0.369218
2555	0.369218
2556	0.369218
2557	0.369218
2558	0.369218
2559	0.369218
2560	0.369218
2561	0.369218
2562	0.369218
2563	0.369218
2564	0.369218
2565	0.369218
2566	0.369218
2567	0.369218
2568	0.369218
2569	0.369218
2570	0.369218
2571	0.369218
2572	0.369218
2573	0.369218
2574	0.369218
2575	0.369218
2576	0.369218
2577	0.369218
2578	0.369218
2579	0.369218
2580	0.369218
2581	0.369218
2582	0.369218
2583	0.369218
2584	0.369218
2585	0.369218
2586	0.369218
2587	0.369218
2588	0.369218
2589	0.369218
2590	0.369218
2591	0.369218
2592	0.369218
2593	0.369218
2594	0.369218
2595	0.369218
2596	0.369218
2597	0.369218
2598	0.369218
2599	0.369218
2600	0.369218
2601	0.369218
2602	0.369218
2603	0.369218
2604	0.369218
2605	0.369218
2606	0.369218
2607	0.369218
2608	0.369218
2609	0.369218
2610	0.369218
2611	0.369218
2612	0.369218
2613	0.369218
2614	0.369218
2615	0.369218
2616	0.369218
2617	0.369218
2618	0.369218
2619	0.369218
2620	0.369218
2621	0.369218
2622	0.369218
2623	0.369218
2624	0.369218
2625	0.369218
2626	0.369218
2627	0.369218
2628	0.369218
2629	0.369218
2630	0.369218
2631	0.369218
2632	0.369218
2633	0.369218
2634	0.369218
2635	0.369218
2636	0.369218
2637	0.369218
2638	0.369218
2639	0.369218
2640	0.369218
2641	0.369218
2642	0.369218
2643	0.369218
2644	0.369218
2645	0.369218
2646	0.369218
2647	0.369218
2648	0.369218
2649	0.369218
2650	0.369218
2651	0.369218
2652	0.369218
2653	0.369218
2654	0.369218
2655	0.369218
2656	0.369218
2657	0.369218
2658	0.369218
2659	0.369218
2660	0.369218
2661	0.369218
2662	0.369218
2663	0.369218
2664	0.369218
2665	0.369218
2666	0.369218
2667	0.369218
2668	0.369218
2669	0.369218
2670	0.369218
2671	0.369218
2672	0.369218
2673	0.369218
2674	0.369218
2675	0.369218
2676	0.369218
2677	0.369218
2678	0.369218
2679	0.369218
2680	0.369218
2681	0.369218
2682	0.369218
2683	0.369218
2684	0.369218
2685	0.369218
2686	0.369218
2687	0.369218
2688	0.369218
2689	0.369218
2690	0.369218
2691	0.369218
2692	0.369218
2693	0.369218
2694	0.369218
2695	0.369218
2696	0.369218
2697	0.369218
2698	0.369218
2699	0.369218
2700	0.369218
2701	0.369218
2702	0.369218
2703	0.369218
2704	0.369218
2705	0.369218
2706	0.369218
2707	0.369218
2708	0.369218
2709	0.369218
2710	0.369218
2711	0.369218
2712	0.369218
2713	0.369218
2714	0.369218
2715	0.369218
2716	0.369218
2717	0.369218
2718	0.369218
2719	0.369218
2720	0.369218
2721	0.369218
2722	0.369218
2723	0.369218
2724	0.369218
2725	0.369218
2726	0.369218
2727	0.369218
2728	0.369218
2729	0.369218
2730	0.369218
2731	0.369218
2732	0.369218
2733	0.369218
2734	0.369218
2735	0.369218
2736	0.369218
2737	0.369218
2738	0.369218
2739	0.369218
2740	0.369218
2741	0.369218
2742	0.369218
2743	0.369218
2744	0.369218
2745	0.369218
2746	0.369218
2747	0.369218
2748	0.369218
2749	0.369218
2750	0.369218
2751	0.369218
2752	0.369218
2753	0.369218
2754	0.369219
2755	0.369219
2756	0.369219
2757	0.369219
2758	0.369219
2759	0.369219
2760	0.369219
2761	0.369219
2762	0.369219
2763	0.369219
2764	0.369219
2765	0.369219
2766	0.369219
2767	0.369219
2768	0.369219
2769	0.369219
2770	0.369219
2771	0.369219
2772	0.369219
2773	0.369219
2774	0.369219
2775	0.369219
2776	0.369219
2777	0.369219
2778	0.369219
2779	0.369219
2780	0.369219
2781	0.369219
2782	0.369219
2783	0.369219
2784	0.369219
2785	0.369219
2786	0.369219
2787	0.369219
2788	0.369219
2789	0.369219
2790	0.369219
2791	0.369219
2792	0.369219
2793	0.369219
2794	0.369219
2795	0.369219
2796	0.369219
2797	0.369219
2798	0.369219
2799	0.369219
2800	0.369219
2801	0.369219
2802	0.369219
2803	0.369219
2804	0.369219
2805	0.369219
2806	0.369219
2807	0.369219
2808	0.369219
2809	0.369219
2810	0.369219
2811	0.369219
2812	0.369219
2813	0.369219
2814	0.369219
2815	0.369219
2816	0.369219
2817	0.369219
2818	0.369219
2819	0.369219
2820	0.369219
2821	0.369219
2822	0.369219
2823	0.369219
2824	0.369219
2825	0.369219
2826	0.369219
2827	0.369219
2828	0.369219
2829	0.369219
2830	0.369219
2831	0.369219
2832	0.369219
2833	0.369219
2834	0.369219
2835	0.369219
2836	0.369219
2837	0.369219
2838	0.369219
2839	0.369219
2840	0.369219
2841	0.369219
2842	0.369219
2843	0.369219
2844	0.369219
2845	0.369219
2846	0.369219
2847	0.369219
2848	0.369219
2849	0.369219
2850	0.369219
2851	0.369219
2852	0.369219
2853	0.369219
2854	0.369219
2855	0.369219
2856	0.369219
2857	0.369219
2858	0.369219
2859	0.369219
2860	0.369219
2861	0.369219
2862	0.369219
2863	0.369219
2864	0.369219
2865	0.369219
2866	0.369219
2867	0.369219
2868	0.369219
2869	0.369219
2870	0.369219
2871	0.369219
2872	0.369219
2873	0.369219
2874	0.369219
2875	0.369219
2876	0.369219
2877	0.369219
2878	0.369219
2879	0.369219
2880	0.369219
2881	0.369219
2882	0.369219
2883	0.369219
2884	0.369219
2885	0.369219
2886	0.369219
2887	0.369219
2888	0.369219
2889	0.369219
2890	0.369219
2891	0.369219
2892	0.369219
2893	0.369219
2894	0.369219
2895	0.369219
2896	0.369219
2897	0.369219
2898	0.369219
2899	0.369219
2900	0.369219
2901	0.369219
2902	0.369219
2903	0.369219
2904	0.369219
2905	0.369219
2906	0.369219
2907	0.369219
2908	0.369219
2909	0.369219
2910	0.369219
2911	0.369219
2912	0.369219
2913	0.369219
2914	0.369219
2915	0.369219
2916	0.369219
2917	0.369219
2918	0.369219
2919	0.369219
2920	0.369219
2921	0.369219
2922	0.369219
2923	0.369219
2924	0.369219
2925	0.369219
2926	0.369219
2927	0.369219
2928	0.369219
2929	0.369219
2930	0.369219
2931	0.369219
2932	0.369219
2933	0.369219
2934	0.369219
2935	0.369219
2936	0.369219
2937	0.369219
2938	0.369219
2939	0.369219
2940	0.369219
2941	0.369219
2942	0.369219
2943	0.369219
2944	0.369219
2945	0.369219
2946	0.369219
2947	0.369219
2948	0.369219
2949	0.369219
2950	0.369219
2951	0.369219
2952	0.369219
2953	0.369219
2954	0.369219
2955	0.369219
2956	0.369219
2957	0.369219
2958	0.369219
2959	0.369219
2960	0.369219
2961	0.369219
2962	0.369219
2963	0.369219
2964	0.369219
2965	0.369219
2966	0.369219
2967	0.369219
2968	0.369219
2969	0.369219
2970	0.369219
2971	0.369219
2972	0.369219
2973	0.369219
2974	0.369219
2975	0.369219
2976	0.369219
2977	0.369219
2978	0.369219
2979	0.369219
2980	0.369219
2981	0.369219
2982	0.369219
2983	0.369219
2984	0.369219
2985	0.369219
2986	0.369219
2987	0.369219
2988	0.369219
2989	0.369219
2990	0.369219
2991	0.369219
2992	0.369219
2993	0.369219
2994	0.369219
2995	0.369219
2996	0.369219
2997	0.369219
2998	0.369219
2999	0.369219
3000	0.369219
3001	0.369219
3002	0.369219
3003	0.369219
3004	0.369219
3005	0.369219
3006	0.369219
3007	0.369219
3008	0.369219
3009	0.369219
3010	0.369219
3011	0.369219
3012	0.369219
3013	0.369219
3014	0.369219
3015	0.369219
3016	0.369219
3017	0.369219
3018	0.369219
3019	0.369219
3020	0.369219
3021	0.369219
3022	0.369219
3023	0.369219
3024	0.369219
3025	0.369219
3026	0.369219
3027	0.369219
3028	0.369219
3029	0.369219
3030	0.369219
3031	0.369219
3032	0.369219
3033	0.369219
3034	0.369219
3035	0.369219
3036	0.369219
3037	0.369219
3038	0.369219
3039	0.369219
3040	0.369219
3041	0.369219
3042	0.369219
3043	0.369219
3044	0.369219
3045	0.369219
3046	0.369219
3047	0.369219
3048	0.369219
3049	0.369219
3050	0.369219
3051	0.369219
3052	0.369219
3053	0.369219
3054	0.369219
3055	0.369219
3056	0.369219
3057	0.369219
3058	0.369219
3059	0.369219
3060	0.369219
3061	0.369219
3062	0.369219
3063	0.369219
3064	0.369219
3065	0.369219
3066	0.369219
3067	0.369219
3068	0.369219
3069	0.369219
3070	0.369219
3071	0.369219
3072	0.369219
3073	0.369219
3074	0.369219
3075	0.369219
3076	0.369219
3077	0.369219
3078	0.369219
3079	0.369219
3080	0.369219
3081	0.369219
3082	0.369219
3083	0.369219
3084	0.369219
3085	0.369219
3086	0.369219
3087	0.369219
3088	0.369219
3089	0.369219
3090	0.369219
3091	0.369219
3092	0.369219
3093	0.369219
3094	0.369219
3095	0.369219
3096	0.369219
3097	0.369219
3098	0.369219
3099	0.369219
3100	0.369219
3101	0.369219
3102	0.369219
3103	0.369219
3104	0.369219
3105	0.369219
3106	0.369219
3107	0.369219
3108	0.369219
3109	0.369219
3110	0.369219
3111	0.369219
3112	0.369219
3113	0.369219
3114	0.369219
3115	0.369219
3116	0.369219
3117	0.369219
3118	0.369219
3119	0.369219
3120	0.369219
3121	0.369219
3122	0.369219
3123	0.369219
3124	0.369219
3125	0.369219
3126	0.369219
3127	0.369219
3128	0.369219
3129	0.369219
3130	0.369219
3131	0.369219
3132	0.369219
3133	0.369219
3134	0.369219
3135	0.369219
3136	0.369219
3137	0.369219
3138	0.369219
3139	0.369219
3140	0.369219
3141	0.369219
3142	0.369219
3143	0.369219
3144	0.369219
3145	0.369219
3146	0.369219
3147	0.369219
3148	0.369219
3149	0.369219
3150	0.369219
3151	0.369219
3152	0.369219
3153	0.369219
3154	0.369219
3155	0.369219
3156	0.369219
3157	0.369219
3158	0.369219
3159	0.369219
3160	0.369219
3161	0.369219
3162	0.369219
3163	0.369219
3164	0.369219
3165	0.369219
3166	0.369219
3167	0.369219
3168	0.369219
3169	0.369219
3170	0.369219
3171	0.369219
3172	0.369219
3173	0.369219
3174	0.369219
3175	0.369219
3176	0.369219
3177	0.369219
3178	0.369219
3179	0.369219
3180	0.369219
3181	0.369219
3182	0.369219
3183	0.369219
3184	0.369219
3185	0.369219
3186	0.369219
3187	0.369219
3188	0.369219
3189	0.369219
3190	0.369219
3191	0.369219
3192	0.369219
3193	0.369219
3194	0.369219
3195	0.369219
3196	0.369219
3197	0.369219
3198	0.369219
3199	0.369219
3200	0.369219
3201	0.369219
3202	0.369219
3203	0.369219
3204	0.369219
3205	0.369219
3206	0.369219
3207	0.369219
3208	0.369219
3209	0.369219
3210	0.369219
3211	0.369219
3212	0.369219
3213	0.369219
3214	0.369219
3215	0.369219
3216	0.369219
3217	0.369219
3218	0.369219
3219	0.369219
3220	0.369219
3221	0.369219
3222	0.369219
3223	0.369219
3224	0.369219
3225	0.369219
3226	0.369219
3227	0.369219
3228	0.369219
3229	0.369219
3230	0.369219
3231	0.369219
3232	0.369219
3233	0.369219
3234	0.369219
3235	0.369219
3236	0.369219
3237	0.369219
3238	0.369219
3239	0.369219
3240	0.369219
3241	0.369219
3242	0.369219
3243	0.369219
3244	0.369219
3245	0.369219
3246	0.369219
3247	0.369219
3248	0.369219
3249	0.369219
3250	0.369219
3251	0.369219
3252	0.369219
3253	0.369219
3254	0.369219
3255	0.369219
3256	0.369219
3257	0.369219
3258	0.369219
3259	0.369219
3260	0.369219
3261	0.369219
3262	0.369219
3263	0.369219
3264	0.369219
3265	0.369219
3266	0.369219
3267	0.369219
3268	0.369219
3269	0.369219
3270	0.369219
3271	0.369219
3272	0.369219
3273	0.369219
3274	0.369219
3275	0.369219
3276	0.369219
3277	0.369219
3278	0.369219
3279	0.369219
3280	0.369219
3281	0.369219
3282	0.369219
3283	0.369219
3284	0.369219
3285	0.369219
3286	0.369219
3287	0.369219
3288	0.369219
3289	0.369219
3290	0.369219
3291	0.369219
3292	0.369219
3293	0.369219
3294	0.369219
3295	0.369219
3296	0.369219
3297	0.369219
3298	0.369219
3299	0.369219
3300	0.369219
3301	0.369219
3302	0.369219
3303	0.369219
3304	0.369219
3305	0.369219
3306	0.369219
3307	0.369219
3308	0.369219
3309	0.369219
3310	0.369219
3311	0.369219
3312	0.369219
3313	0.369219
3314	0.369219
3315	0.369219
3316	0.369219
3317	0.369219
3318	0.369219
3319	0.369219
3320	0.369219
3321	0.369219
3322	0.369219
3323	0.369219
3324	0.369219
3325	0.369219
3326	0.369219
3327	0.369219
3328	0.369219
3329	0.369219
3330	0.369219
3331	0.369219
3332	0.369219
3333	0.369219
3334	0.369219
3335	0.369219
3336	0.369219
3337	0.369219
3338	0.369219
3339	0.369219
3340	0.369219
3341	0.369219
3342	0.369219
3343	0.369219
3344	0.369219
3345	0.369219
3346	0.369219
3347	0.369219
3348	0.369219
3349	0.369219
3350	0.369219
3351	0.369219
3352	0.369219
3353	0.369219
3354	0.369219
3355	0.369219
3356	0.369219
3357	0.369219
3358	0.369219
3359	0.369219
3360	0.369219
3361	0.369219
3362	0.369219
3363	0.369219
3364	0.369219
3365	0.369219
3366	0.369219
3367	0.369219
3368	0.369219
3369	0.369219
3370	0.369219
3371	0.369219
3372	0.369219
3373	0.369219
3374	0.369219
3375	0.369219
3376	0.369219
3377	0.369219
3378	0.369219
3379	0.369219
3380	0.369219
3381	0.369219
3382	0.369219
3383	0.369219
3384	0.369219
3385	0.369219
3386	0.369219
3387	0.369219
3388	0.369219
3389	0.369219
3390	0.369219
3391	0.369219
3392	0.369219
3393	0.369219
3394	0.369219
3395	0.369219
3396	0.369219
3397	0.369219
3398	0.369219
3399	0.369219
3400	0.369219
3401	0.369219
3402	0.369219
3403	0.369219
3404	0.369219
3405	0.369219
3406	0.369219
3407	0.369219
3408	0.369219
3409	0.369219
3410	0.369219
3411	0.369219
3412	0.369219
3413	0.369219
3414	0.369219
3415	0.369219
3416	0.369219
3417	0.369219
3418	0.369219
3419	0.369219
3420	0.369219
3421	0.369219
3422	0.369219
3423	0.369219
3424	0.369219
3425	0.369219
3426	0.369219
3427	0.369219
3428	0.369219
3429	0.369219
3430	0.369219
3431	0.369219
3432	0.369219
3433	0.369219
3434	0.369219
3435	0.369219
3436	0.369219
3437	0.369219
3438	0.369219
3439	0.369219
3440	0.369219
3441	0.369219
3442	0.369219
3443	0.369219
3444	0.369219
3445	0.369219
3446	0.369219
3447	0.369219
3448	0.369219
3449	0.369219
3450	0.369219
3451	0.369219
3452	0.369219
3453	0.369219
3454	0.369219
3455	0.369219
3456	0.369219
3457	0.369219
3458	0.369219
3459	0.369219
3460	0.369219
3461	0.369219
3462	0.369219
3463	0.369219
3464	0.369219
3465	0.369219
3466	0.369219
3467	0.369219
3468	0.369219
3469	0.369219
3470	0.369219
3471	0.369219
3472	0.369219
3473	0.369219
3474	0.369219
3475	0.369219
3476	0.369219
3477	0.369219
3478	0.369219
3479	0.369219
3480	0.369219
3481	0.369219
3482	0.369219
3483	0.369219
3484	0.369219
3485	0.369219
3486	0.369219
3487	0.369219
3488	0.369219
3489	0.369219
3490	0.369219
3491	0.369219
3492	0.369219
3493	0.369219
3494	0.369219
3495	0.369219
3496	0.369219
3497	0.369219
3498	0.369219
3499	0.369219
3500	0.369219
3501	0.369219
3502	0.369219
3503	0.369219
3504	0.369219
3505	0.369219
3506	0.369219
3507	0.369219
3508	0.369219
3509	0.369219
3510	0.369219
3511	0.369219
3512	0.369219
3513	0.369219
3514	0.369219
3515	0.369219
3516	0.369219
3517	0.369219
3518	0.369219
3519	0.369219
3520	0.369219
3521	0.369219
3522	0.369219
3523	0.369219
3524	0.369219
3525	0.369219
3526	0.369219
3527	0.369219
3528	0.369219
3529	0.369219
3530	0.369219
3531	0.369219
3532	0.369219
3533	0.369219
3534	0.369219
3535	0.369219
3536	0.369219
3537	0.369219
3538	0.369219
3539	0.369219
3540	0.369219
3541	0.369219
3542	0.369219
3543	0.369219
3544	0.369219
3545	0.369219
3546	0.369219
3547	0.369219
3548	0.369219
3549	0.369219
3550	0.369219
3551	0.369219
3552	0.369219
3553	0.369219
3554	0.369219
3555	0.369219
3556	0.369219
3557	0.369219
3558	0.369219
3559	0.369219
3560	0.369219
3561	0.369219
3562	0.369219
3563	0.369219
3564	0.369219
3565	0.369219
3566	0.369219
3567	0.369219
3568	0.369219
3569	0.369219
3570	0.369219
3571	0.369219
3572	0.369219
3573	0.369219
3574	0.369219
3575	0.369219
3576	0.369219
3577	0.369219
3578	0.369219
3579	0.369219
3580	0.369219
3581	0.369219
3582	0.369219
3583	0.369219
3584	0.369219
3585	0.369219
3586	0.369219
3587	0.369219
3588	0.369219
3589	0.369219
3590	0.369219
3591	0.369219
3592	0.369219
3593	0.369219
3594	0.369219
3595	0.369219
3596	0.369219
3597	0.369219
3598	0.369219
3599	0.369219
3600	0.369219
3601	0.369219
3602	0.369219
3603	0.369219
3604	0.369219
3605	0.369219
3606	0.369219
3607	0.369219
3608	0.369219
3609	0.369219
3610	0.369219
3611	0.369219
3612	0.369219
3613	0.369219
3614	0.369219
3615	0.369219
3616	0.369219
3617	0.369219
3618	0.369219
3619	0.369219
3620	0.369219
3621	0.369219
3622	0.369219
3623	0.369219
3624	0.369219
3625	0.369219
3626	0.369219
3627	0.369219
3628	0.369219
3629	0.369219
3630	0.369219
3631	0.369219
3632	0.369219
3633	0.369219
3634	0.369219
3635	0.369219
3636	0.369219
3637	0.369219
3638	0.369219
3639	0.369219
3640	0.369219
3641	0.369219
3642	0.369219
3643	0.369219
3644	0.369219
3645	0.369219
3646	0.369219
3647	0.369219
3648	0.369219
3649	0.369219
3650	0.369219
3651	0.369219
3652	0.369219
3653	0.369219
3654	0.369219
3655	0.369219
3656	0.369219
3657	0.369219
3658	0.369219
3659	0.369219
3660	0.369219
3661	0.369219
3662	0.369219
3663	0.369219
3664	0.369219
3665	0.369219
3666	0.369219
3667	0.369219
3668	0.369219
3669	0.369219
3670	0.369219
3671	0.369219
3672	0.369219
3673	0.369219
3674	0.369219
3675	0.369219
3676	0.369219
3677	0.369219
3678	0.369219
3679	0.369219
3680	0.369219
3681	0.369219
3682	0.369219
3683	0.369219
3684	0.369219
3685	0.369219
3686	0.369219
3687	0.369219
3688	0.369219
3689	0.369219
3690	0.369219
3691	0.369219
3692	0.369219
3693	0.369219
3694	0.369219
3695	0.369219
3696	0.369219
3697	0.369219
3698	0.369219
3699	0.369219
3700	0.369219
3701	0.369219
3702	0.369219
3703	0.369219
3704	0.369219
3705	0.369219
3706	0.369219
3707	0.369219
3708	0.369219
3709	0.369219
3710	0.369219
3711	0.369219
3712	0.369219
3713	0.369219
3714	0.369219
3715	0.369219
3716	0.369219
3717	0.369219
3718	0.369219
3719	0.369219
3720	0.369219
3721	0.369219
3722	0.369219
3723	0.369219
3724	0.369219
3725	0.369219
3726	0.369219
3727	0.369219
3728	0.369219
3729	0.369219
3730	0.369219
3731	0.369219
3732	0.369219
3733	0.369219
3734	0.369219
3735	0.369219
3736	0.369219
3737	0.369219
3738	0.369219
3739	0.369219
3740	0.369219
3741	0.369219
3742	0.369219
3743	0.369219
3744	0.369219
3745	0.369219
3746	0.369219
3747	0.369219
3748	0.369219
3749	0.369219
3750	0.369219
3751	0.369219
3752	0.369219
3753	0.369219
3754	0.369219
3755	0.369219
3756	0.369219
3757	0.369219
3758	0.369219
3759	0.369219
3760	0.369219
3761	0.369219
3762	0.369219
3763	0.369219
3764	0.369219
3765	0.369219
3766	0.369219
3767	0.369219
3768	0.369219
3769	0.369219
3770	0.369219
3771	0.369219
3772	0.369219
3773	0.369219
3774	0.369219
3775	0.369219
3776	0.369219
3777	0.369219
3778	0.369219
3779	0.369219
3780	0.369219
3781	0.369219
3782	0.369219
3783	0.369219
3784	0.369219
3785	0.369219
3786	0.369219
3787	0.369219
3788	0.369219
3789	0.369219
3790	0.369219
3791	0.369219
3792	0.369219
3793	0.369219
3794	0.369219
3795	0.369219
3796	0.369219
3797	0.369219
3798	0.369219
3799	0.369219
3800	0.369219
3801	0.369219
3802	0.369219
3803	0.369219
3804	0.369219
3805	0.369219
3806	0.369219
3807	0.369219
3808	0.369219
3809	0.369219
3810	0.369219
3811	0.369219
3812	0.369219
3813	0.369219
3814	0.369219
3815	0.369219
3816	0.369219
3817	0.369219
3818	0.369219
3819	0.369219
3820	0.369219
3821	0.369219
3822	0.369219
3823	0.369219
3824	0.369219
3825	0.369219
3826	0.369219
3827	0.369219
3828	0.369219
3829	0.369219
3830	0.369219
3831	0.369219
3832	0.369219
3833	0.369219
3834	0.369219
3835	0.369219
3836	0.369219
3837	0.369219
3838	0.369219
3839	0.369219
3840	0.369219
3841	0.369219
3842	0.369219
3843	0.369219
3844	0.369219
3845	0.369219
3846	0.369219
3847	0.369219
3848	0.369219
3849	0.369219
3850	0.369219
3851	0.369219
3852	0.369219
3853	0.369219
3854	0.369219
3855	0.369219
3856	0.369219
3857	0.369219
3858	0.369219
3859	0.369219
3860	0.369219
3861	0.369219
3862	0.369219
3863	0.369219
3864	0.369219
3865	0.369219
3866	0.369219
3867	0.369219
3868	0.369219
3869	0.369219
3870	0.369219
3871	0.369219
3872	0.369219
3873	0.369219
3874	0.369219
3875	0.369219
3876	0.369219
3877	0.369219
3878	0.369219
3879	0.369219
3880	0.369219
3881	0.369219
3882	0.369219
3883	0.369219
3884	0.369219
3885	0.369219
3886	0.369219
3887	0.369219
3888	0.369219
3889	0.369219
3890	0.369219
3891	0.369219
3892	0.369219
3893	0.369219
3894	0.369219
3895	0.369219
3896	0.369219
3897	0.369219
3898	0.369219
3899	0.369219
3900	0.369219
3901	0.369219
3902	0.369219
3903	0.369219
3904	0.369219
3905	0.369219
3906	0.369219
3907	0.369219
3908	0.369219
3909	0.369219
3910	0.369219
3911	0.369219
3912	0.369219
3913	0.369219
3914	0.369219
3915	0.369219
3916	0.369219
3917	0.369219
3918	0.369219
3919	0.369219
3920	0.369219
3921	0.369219
3922	0.369219
3923	0.369219
3924	0.369219
3925	0.369219
3926	0.369219
3927	0.369219
3928	0.369219
3929	0.369219
3930	0.369219
3931	0.369219
3932	0.369219
3933	0.369219
3934	0.369219
3935	0.369219
3936	0.369219
3937	0.369219
3938	0.369219
3939	0.369219
3940	0.369219
3941	0.369219
3942	0.369219
3943	0.369219
3944	0.369219
3945	0.369219
3946	0.369219
3947	0.369219
3948	0.369219
3949	0.369219
3950	0.369219
3951	0.369219
3952	0.369219
3953	0.369219
3954	0.369219
3955	0.369219
3956	0.369219
3957	0.369219
3958	0.369219
3959	0.369219
3960	0.369219
3961	0.369219
3962	0.369219
3963	0.369219
3964	0.369219
3965	0.369219
3966	0.369219
3967	0.369219
3968	0.369219
3969	0.369219
3970	0.369219
3971	0.369219
3972	0.369219
3973	0.369219
3974	0.369219
3975	0.369219
3976	0.369219
3977	0.369219
3978	0.369219
3979	0.369219
3980	0.369219
3981	0.369219
3982	0.369219
3983	0.369219
3984	0.369219
3985	0.369219
3986	0.369219
3987	0.369219
3988	0.369219
3989	0.369219
3990	0.369219
3991	0.369219
3992	0.369219
3993	0.369219
3994	0.369219
3995	0.369219
3996	0.369219
3997	0.369219
3998	0.369219
3999	0.369219
4000	0.369219
4001	0.369219
4002	0.369219
4003	0.369219
4004	0.369219
4005	0.369219
4006	0.369219
4007	0.369219
4008	0.369219
4009	0.369219
4010	0.369219
4011	0.369219
4012	0.369219
4013	0.369219
4014	0.369219
4015	0.369219
4016	0.369219
4017	0.369219
4018	0.369219
4019	0.369219
4020	0.369219
4021	0.369219
4022	0.369219
4023	0.369219
4024	0.369219
4025	0.369219
4026	0.369219
4027	0.369219
4028	0.369219
4029	0.369219
4030	0.369219
4031	0.369219
4032	0.369219
4033	0.369219
4034	0.369219
4035	0.369219
4036	0.369219
4037	0.369219
4038	0.369219
4039	0.369219
4040	0.369219
4041	0.369219
4042	0.369219
4043	0.369219
4044	0.369219
4045	0.369219
4046	0.369219
4047	0.369219
4048	0.369219
4049	0.369219
4050	0.369219
4051	0.369219
4052	0.369219
4053	0.369219
4054	0.369219
4055	0.369219
4056	0.369219
4057	0.369219
4058	0.369219
4059	0.369219
4060	0.369219
4061	0.369219
4062	0.369219
4063	0.369219
4064	0.369219
4065	0.369219
4066	0.369219
4067	0.369219
4068	0.369219
4069	0.369219
4070	0.369219
4071	0.369219
4072	0.369219
4073	0.369219
4074	0.369219
4075	0.369219
4076	0.369219
4077	0.369219
4078	0.369219
4079	0.369219
4080	0.369219
4081	0.369219
4082	0.369219
4083	0.369219
4084	0.369219
4085	0.369219
4086	0.369219
4087	0.369219
4088	0.369219
4089	0.369219
4090	0.369219
4091	0.369219
4092	0.369219
4093	0.369219
4094	0.369219
4095	0.369219
4096	0.369219
4097	0.369219
4098	0.369219
4099	0.369219
4100	0.369219
4101	0.369219
4102	0.369219
4103	0.369219
4104	0.369219
4105	0.369219
4106	0.369219
4107	0.369219
4108	0.369219
4109	0.369219
4110	0.369219
4111	0.369219
4112	0.369219
4113	0.369219
4114	0.369219
4115	0.369219
4116	0.369219
4117	0.369219
4118	0.369219
4119	0.369219
4120	0.369219
4121	0.369219
4122	0.369219
4123	0.369219
4124	0.369219
4125	0.369219
4126	0.369219
4127	0.369219
4128	0.369219
4129	0.369219
4130	0.369219
4131	0.369219
4132	0.369219
4133	0.369219
4134	0.369219
4135	0.369219
4136	0.369219
4137	0.369219
4138	0.369219
4139	0.369219
4140	0.369219
4141	0.369219
4142	0.369219
4143	0.369219
4144	0.369219
4145	0.369219
4146	0.369219
4147	0.369219
4148	0.369219
4149	0.369219
4150	0.369219
4151	0.369219
4152	0.369219
4153	0.369219
4154	0.369219
4155	0.369219
4156	0.369219
4157	0.369219
4158	0.369219
4159	0.369219
4160	0.369219
4161	0.369219
4162	0.369219
4163	0.369219
4164	0.369219
4165	0.369219
4166	0.369219
4167	0.369219
4168	0.369219
4169	0.369219
4170	0.369219
4171	0.369219
4172	0.369219
4173	0.369219
4174	0.369219
4175	0.369219
4176	0.369219
4177	0.369219
4178	0.369219
4179	0.369219
4180	0.369219
4181	0.369219
4182	0.369219
4183	0.369219
4184	0.369219
4185	0.369219
4186	0.369219
4187	0.369219
4188	0.369219
4189	0.369219
4190	0.369219
4191	0.369219
4192	0.369219
4193	0.369219
4194	0.369219
4195	0.369219
4196	0.369219
4197	0.369219
4198	0.369219
4199	0.369219
4200	0.369219
4201	0.369219
4202	0.369219
4203	0.369219
4204	0.369219
4205	0.369219
4206	0.369219
4207	0.369219
4208	0.369219
4209	0.369219
4210	0.369219
4211	0.369219
4212	0.369219
4213	0.369219
4214	0.369219
4215	0.369219
4216	0.369219
4217	0.369219
4218	0.369219
4219	0.369219
4220	0.369219
4221	0.369219
4222	0.369219
4223	0.369219
4224	0.369219
4225	0.369219
4226	0.369219
4227	0.369219
4228	0.369219
4229	0.369219
4230	0.369219
4231	0.369219
4232	0.369219
4233	0.369219
4234	0.369219
4235	0.369219
4236	0.369219
4237	0.369219
4238	0.369219
4239	0.369219
4240	0.369219
4241	0.369219
4242	0.369219
4243	0.369219
4244	0.369219
4245	0.369219
4246	0.369219
4247	0.369219
4248	0.369219
4249	0.369219
4250	0.369219
4251	0.369219
4252	0.369219
4253	0.369219
4254	0.369219
4255	0.369219
4256	0.369219
4257	0.369219
4258	0.369219
4259	0.369219
4260	0.369219
4261	0.369219
4262	0.369219
4263	0.369219
4264	0.369219
4265	0.369219
4266	0.369219
4267	0.369219
4268	0.369219
4269	0.369219
4270	0.369219
4271	0.369219
4272	0.369219
4273	0.369219
4274	0.369219
4275	0.369219
4276	0.369219
4277	0.369219
4278	0.369219
4279	0.369219
4280	0.369219
4281	0.369219
4282	0.369219
4283	0.369219
4284	0.369219
4285	0.369219
4286	0.369219
4287	0.369219
4288	0.369219
4289	0.369219
4290	0.369219
4291	0.369219
4292	0.369219
4293	0.369219
4294	0.369219
4295	0.369219
4296	0.369219
4297	0.369219
4298	0.369219
4299	0.369219
4300	0.369219
4301	0.369219
4302	0.369219
4303	0.369219
4304	0.369219
4305	0.369219
4306	0.369219
4307	0.369219
4308	0.369219
4309	0.369219
4310	0.369219
4311	0.369219
4312	0.369219
4313	0.369219
4314	0.369219
4315	0.369219
4316	0.369219
4317	0.369219
4318	0.369219
4319	0.369219
4320	0.369219
4321	0.369219
4322	0.369219
4323	0.369219
4324	0.369219
4325	0.369219
4326	0.369219
4327	0.369219
4328	0.369219
4329	0.369219
4330	0.369219
4331	0.369219
4332	0.369219
4333	0.369219
4334	0.369219
4335	0.369219
4336	0.369219
4337	0.369219
4338	0.369219
4339	0.369219
4340	0.369219
4341	0.369219
4342	0.369219
4343	0.369219
4344	0.369219
4345	0.369219
4346	0.369219
4347	0.369219
4348	0.369219
4349	0.369219
4350	0.369219
4351	0.369219
4352	0.369219
4353	0.369219
4354	0.369219
4355	0.369219
4356	0.369219
4357	0.369219
4358	0.369219
4359	0.369219
4360	0.369219
4361	0.369219
4362	0.369219
4363	0.369219
4364	0.369219
4365	0.369219
4366	0.369219
4367	0.369219
4368	0.369219
4369	0.369219
4370	0.369219
4371	0.369219
4372	0.369219
4373	0.369219
4374	0.369219
4375	0.369219
4376	0.369219
4377	0.369219
4378	0.369219
4379	0.369219
4380	0.369219
4381	0.369219
4382	0.369219
4383	0.369219
4384	0.369219
4385	0.369219
4386	0.369219
4387	0.369219
4388	0.369219
4389	0.369219
4390	0.369219
4391	0.369219
4392	0.369219
4393	0.369219
4394	0.369219
4395	0.369219
4396	0.369219
4397	0.369219
4398	0.369219
4399	0.369219
4400	0.369219
4401	0.369219
4402	0.369219
4403	0.369219
4404	0.369219
4405	0.369219
4406	0.369219
4407	0.369219
4408	0.369219
4409	0.369219
4410	0.369219
4411	0.369219
4412	0.369219
4413	0.369219
4414	0.369219
4415	0.369219
4416	0.369219
4417	0.369219
4418	0.369219
4419	0.369219
4420	0.369219
4421	0.369219
4422	0.369219
4423	0.369219
4424	0.369219
4425	0.369219
4426	0.369219
4427	0.369219
4428	0.369219
4429	0.369219
4430	0.369219
4431	0.369219
4432	0.369219
4433	0.369219
4434	0.369219
4435	0.369219
4436	0.369219
4437	0.369219
4438	0.369219
4439	0.369219
4440	0.369219
4441	0.369219
4442	0.369219
4443	0.369219
4444	0.369219
4445	0.369219
4446	0.369219
4447	0.369219
4448	0.369219
4449	0.369219
4450	0.369219
4451	0.369219
4452	0.369219
4453	0.369219
4454	0.369219
4455	0.369219
4456	0.369219
4457	0.369219
4458	0.369219
4459	0.369219
4460	0.369219
4461	0.369219
4462	0.369219
4463	0.369219
4464	0.369219
4465	0.369219
4466	0.369219
4467	0.369219
4468	0.369219
4469	0.369219
4470	0.369219
4471	0.369219
4472	0.369219
4473	0.369219
4474	0.369219
4475	0.369219
4476	0.369219
4477	0.369219
4478	0.369219
4479	0.369219
4480	0.369219
4481	0.369219
4482	0.369219
4483	0.369219
4484	0.369219
4485	0.369219
4486	0.369219
4487	0.369219
4488	0.369219
4489	0.369219
4490	0.369219
4491	0.369219
4492	0.369219
4493	0.369219
4494	0.369219
4495	0.369219
4496	0.369219
4497	0.369219
4498	0.369219
4499	0.369219
4500	0.369219
4501	0.369219
4502	0.369219
4503	0.369219
4504	0.369219
4505	0.369219
4506	0.369219
4507	0.369219
4508	0.369219
4509	0.369219
4510	0.369219
4511	0.369219
4512	0.369219
4513	0.369219
4514	0.369219
4515	0.369219
4516	0.369219
4517	0.369219
4518	0.369219
4519	0.369219
4520	0.369219
4521	0.369219
4522	0.369219
4523	0.369219
4524	0.369219
4525	0.369219
4526	0.369219
4527	0.369219
4528	0.369219
4529	0.369219
4530	0.369219
4531	0.369219
4532	0.369219
4533	0.369219
4534	0.369219
4535	0.369219
4536	0.369219
4537	0.369219
4538	0.369219
4539	0.369219
4540	0.369219
4541	0.369219
4542	0.369219
4543	0.369219
4544	0.369219
4545	0.369219
4546	0.369219
4547	0.369219
4548	0.369219
4549	0.369219
4550	0.369219
4551	0.369219
4552	0.369219
4553	0.369219
4554	0.369219
4555	0.369219
4556	0.369219
4557	0.369219
4558	0.369219
4559	0.369219
4560	0.369219
4561	0.369219
4562	0.369219
4563	0.369219
4564	0.369219
4565	0.369219
4566	0.369219
4567	0.369219
4568	0.369219
4569	0.369219
4570	0.369219
4571	0.369219
4572	0.369219
4573	0.369219
4574	0.369219
4575	0.369219
4576	0.369219
4577	0.369219
4578	0.369219
4579	0.369219
4580	0.369219
4581	0.369219
4582	0.369219
4583	0.369219
4584	0.369219
4585	0.369219
4586	0.369219
4587	0.369219
4588	0.369219
4589	0.369219
4590	0.369219
4591	0.369219
4592	0.369219
4593	0.369219
4594	0.369219
4595	0.369219
4596	0.369219
4597	0.369219
4598	0.369219
4599	0.369219
4600	0.369219
4601	0.369219
4602	0.369219
4603	0.369219
4604	0.369219
4605	0.369219
4606	0.369219
4607	0.369219
4608	0.369219
4609	0.369219
4610	0.369219
4611	0.369219
4612	0.369219
4613	0.369219
4614	0.369219
4615	0.369219
4616	0.369219
4617	0.369219
4618	0.369219
4619	0.369219
4620	0.369219
4621	0.369219
4622	0.369219
4623	0.369219
4624	0.369219
4625	0.369219
4626	0.369219
4627	0.369219
4628	0.369219
4629	0.369219
4630	0.369219
4631	0.369219
4632	0.369219
4633	0.369219
4634	0.369219
4635	0.369219
4636	0.369219
4637	0.369219
4638	0.369219
4639	0.369219
4640	0.369219
4641	0.369219
4642	0.369219
4643	0.369219
4644	0.369219
4645	0.369219
4646	0.369219
4647	0.369219
4648	0.369219
4649	0.369219
4650	0.369219
4651	0.369219
4652	0.369219
4653	0.369219
4654	0.369219
4655	0.369219
4656	0.369219
4657	0.369219
4658	0.369219
4659	0.369219
4660	0.369219
4661	0.369219
4662	0.369219
4663	0.369219
4664	0.369219
4665	0.369219
4666	0.369219
4667	0.369219
4668	0.369219
4669	0.369219
4670	0.369219
4671	0.369219
4672	0.369219
4673	0.369219
4674	0.369219
4675	0.369219
4676	0.369219
4677	0.369219
4678	0.369219
4679	0.369219
4680	0.369219
4681	0.369219
4682	0.369219
4683	0.369219
4684	0.369219
4685	0.369219
4686	0.369219
4687	0.369219
4688	0.369219
4689	0.369219
4690	0.369219
4691	0.369219
4692	0.369219
4693	0.369219
4694	0.369219
4695	0.369219
4696	0.369219
4697	0.369219
4698	0.369219
4699	0.369219
4700	0.369219
4701	0.369219
4702	0.369219
4703	0.369219
4704	0.369219
4705	0.369219
4706	0.369219
4707	0.369219
4708	0.369219
4709	0.369219
4710	0.369219
4711	0.369219
4712	0.369219
4713	0.369219
4714	0.369219
4715	0.369219
4716	0.369219
4717	0.369219
4718	0.369219
4719	0.369219
4720	0.369219
4721	0.369219
4722	0.369219
4723	0.369219
4724	0.369219
4725	0.369219
4726	0.369219
4727	0.369219
4728	0.369219
4729	0.369219
4730	0.369219
4731	0.369219
4732	0.369219
4733	0.369219
4734	0.369219
4735	0.369219
4736	0.369219
4737	0.369219
4738	0.369219
4739	0.369219
4740	0.369219
4741	0.369219
4742	0.369219
4743	0.369219
4744	0.369219
4745	0.369219
4746	0.369219
4747	0.369219
4748	0.369219
4749	0.369219
4750	0.369219
4751	0.369219
4752	0.369219
4753	0.369219
4754	0.369219
4755	0.369219
4756	0.369219
4757	0.369219
4758	0.369219
4759	0.369219
4760	0.369219
4761	0.369219
4762	0.369219
4763	0.369219
4764	0.369219
4765	0.369219
4766	0.369219
4767	0.369219
4768	0.369219
4769	0.369219
4770	0.369219
4771	0.369219
4772	0.369219
4773	0.369219
4774	0.369219
4775	0.369219
4776	0.369219
4777	0.369219
4778	0.369219
4779	0.369219
4780	0.369219
4781	0.369219
4782	0.369219
4783	0.369219
4784	0.369219
4785	0.369219
4786	0.369219
4787	0.369219
4788	0.369219
4789	0.369219
4790	0.369219
4791	0.369219
4792	0.369219
4793	0.369219
4794	0.369219
4795	0.369219
4796	0.369219
4797	0.369219
4798	0.369219
4799	0.369219
4800	0.369219
4801	0.369219
4802	0.369219
4803	0.369219
4804	0.369219
4805	0.369219
4806	0.369219
4807	0.369219
4808	0.369219
4809	0.369219
4810	0.369219
4811	0.369219
4812	0.369219
4813	0.369219
4814	0.369219
4815	0.369219
4816	0.369219
4817	0.369219
4818	0.369219
4819	0.369219
4820	0.369219
4821	0.369219
4822	0.369219
4823	0.369219
4824	0.369219
4825	0.369219
4826	0.369219
4827	0.369219
4828	0.369219
4829	0.369219
4830	0.369219
4831	0.369219
4832	0.369219
4833	0.369219
4834	0.369219
4835	0.369219
4836	0.369219
4837	0.369219
4838	0.369219
4839	0.369219
4840	0.369219
4841	0.369219
4842	0.369219
4843	0.369219
4844	0.369219
4845	0.369219
4846	0.369219
4847	0.369219
4848	0.369219
4849	0.369219
4850	0.369219
4851	0.369219
4852	0.369219
4853	0.369219
4854	0.369219
4855	0.369219
4856	0.369219
4857	0.369219
4858	0.369219
4859	0.369219
4860	0.369219
4861	0.369219
4862	0.369219
4863	0.369219
4864	0.369219
4865	0.369219
4866	0.369219
4867	0.369219
4868	0.369219
4869	0.369219
4870	0.369219
4871	0.369219
4872	0.369219
4873	0.369219
4874	0.369219
4875	0.369219
4876	0.369219
4877	0.369219
4878	0.369219
4879	0.369219
4880	0.369219
4881	0.369219
4882	0.369219
4883	0.369219
4884	0.369219
4885	0.369219
4886	0.369219
4887	0.369219
4888	0.369219
4889	0.369219
4890	0.369219
4891	0.369219
4892	0.369219
4893	0.369219
4894	0.369219
4895	0.369219
4896	0.369219
4897	0.369219
4898	0.369219
4899	0.369219
4900	0.369219
4901	0.369219
4902	0.369219
4903	0.369219
4904	0.369219
4905	0.369219
4906	0.369219
4907	0.369219
4908	0.369219
4909	0.369219
4910	0.369219
4911	0.369219
4912	0.369219
4913	0.369219
4914	0.369219
4915	0.369219
4916	0.369219
4917	0.369219
4918	0.369219
4919	0.369219
4920	0.369219
4921	0.369219
4922	0.369219
4923	0.369219
4924	0.369219
4925	0.369219
4926	0.369219
4927	0.369219
4928	0.369219
4929	0.369219
4930	0.369219
4931	0.369219
4932	0.369219
4933	0.369219
4934	0.369219
4935	0.369219
4936	0.369219
4937	0.369219
4938	0.369219
4939	0.369219
4940	0.369219
4941	0.369219
4942	0.369219
4943	0.369219
4944	0.369219
4945	0.369219
4946	0.369219
4947	0.369219
4948	0.369219
4949	0.369219
4950	0.369219
4951	0.369219
4952	0.369219
4953	0.369219
4954	0.369219
4955	0.369219
4956	0.369219
4957	0.369219
4958	0.369219
4959	0.369219
4960	0.369219
4961	0.369219
4962	0.369219
4963	0.369219
4964	0.369219
4965	0.369219
4966	0.369219
4967	0.369219
4968	0.369219
4969	0.369219
4970	0.369219
4971	0.369219
4972	0.369219
4973	0.369219
4974	0.369219
4975	0.369219
4976	0.369219
4977	0.369219
4978	0.369219
4979	0.369219
4980	0.369219
4981	0.369219
4982	0.369219
4983	0.369219
4984	0.369219
4985	0.369219
4986	0.369219
4987	0.369219
4988	0.369219
4989	0.369219
4990	0.369219
4991	0.369219
4992	0.369219
4993	0.369219
4994	0.369219
4995	0.369219
4996	0.369219
4997	0.369219
4998	0.369219
4999	0.369219
